   38704       0.0104902      0.00600977
   38705      0.00117281      0.00619054
   38706      0.00567505      0.00720051
   38707      -0.0101267      0.00599124
   38708      0.00703097      0.00647282
   38709       0.0129657      0.00564485
   38710     -0.00714803       0.0170861
   38711     0.000498215      0.00615581
   38712      0.00453338      0.00591128
   38713         0.01088      0.00658272
   38714      0.00710682      0.00537658
   38715      0.00756913      0.00538263
   38716       0.0043257      0.00756502
   38717      0.00122851      0.00623698
   38719     -0.00143155       0.0066419
   38720      0.00332047      0.00845649
   38721       0.0114575      0.00516114
   38722       0.0215976      0.00625183
   38723      0.00273722      0.00496737
   38724      0.00927507       0.0063736
   38725       0.0134189       0.0103881
   38727      0.00470292      0.00623772
   38728       0.0021144      0.00625805
   38729      0.00851698      0.00554925
   38730      0.00871541      0.00627083
   38731       0.0111024      0.00566238
   38732      0.00895362      0.00601001
   38733      0.00651841      0.00540393
   38734      0.00781589      0.00533412
   38735      0.00503205      0.00739858
   38737      0.00603656       0.0062609
   38738      0.00871211      0.00621795
   38739     -0.00884559      0.00641907
   38740     -0.00563364       0.0105866
   38743       0.0146407      0.00631168
   38744      0.00960841      0.00576308
   38745      0.00358893      0.00635777
   38746     -0.00359083      0.00602035
   38748     -0.00351496      0.00604207
   38749      0.00196285      0.00618639
   38750     0.000620496      0.00668338
   38751      0.00835587      0.00636457
   38091    -0.000691201      0.00560178
   38092      0.00180908      0.00619117
   38093       0.0159475      0.00588307
   38094      0.00998934      0.00636582
   38095      0.00512281      0.00842145
   38096      0.00415524      0.00626468
   38097      0.00730184      0.00558584
   38098      0.00629168      0.00578425
   38099       0.0102581      0.00589801
   38100       0.0101386      0.00609343
   38111      -0.0140979       0.0220305
   38112     -0.00912122       0.0217608
   38114      0.00487353       0.0120632
   38117       0.0015093      0.00620156
   38118       0.0225398      0.00751755
   38119       0.0091249       0.0056841
   38120    -0.000685694      0.00633446
   38121      0.00411827       0.0060781
   38122       0.0156626      0.00644319
   38131     0.000284166      0.00681032
   38132      0.00218798      0.00590728
   38133       0.0158858      0.00628798
   38134       0.0137288      0.00597615
   38135       0.0151027      0.00620234
   38138       0.0108444      0.00572438
   38139      0.00616602      0.00600998
   38140       0.0176071      0.00596669
   38141      0.00467287      0.00591288
   38142       0.0148931      0.00729538
   38143      0.00378321      0.00603804
   38144      0.00744381      0.00664405
   38146     -0.00047709      0.00655944
   38172       0.0126886      0.00602013
   38173       0.0075639      0.00611794
   38174      0.00301401      0.00612246
   38175      0.00589358      0.00599337
   38176      0.00821662      0.00614059
   38177      0.00499131      0.00569978
   38182       0.0126475      0.00995612
   38183      0.00336019      0.00625315
   38184     0.000317019      0.00621672
   38185      0.00649761      0.00612063
   38186     -0.00128348      0.00616015
   38187       0.0145417       0.0111567
   38188      -0.0107514      0.00596513
   38189      0.00649275      0.00588726
   38190    -0.000544277      0.00586235
   38191       0.0186499      0.00733875
   38192      0.00680499      0.00577108
   38194      0.00365261      0.00643125
   38195      0.00979939      0.00657089
   38197        0.011837      0.00792326
   38198       0.0039711       0.0100172
   38199      0.00721097      0.00583374
   38200     -0.00299321      0.00625942
   38201     0.000975458      0.00604603
   38203     -0.00437621       0.0065388
   38204      0.00230799      0.00693971
   38205      0.00542761       0.0103631
   38206      0.00709864      0.00579155
   38207      0.00513933      0.00633047
   38208    -0.000883795       0.0060891
   38209       0.0157525      0.00600099
   38210      0.00545022       0.0061382
   38211       0.0108395      0.00611084
   38212      0.00571022       0.0061723
   38213       0.0123831      0.00630302
   38214      -0.0031042      0.00611748
   38215       0.0132996      0.00569972
   38216     -0.00291171      0.00628724
   38217      0.00416048      0.00604898
   38218      0.00449929      0.00545355
   38219      0.00517776      0.00636849
   38220       0.0152402      0.00611653
   38221       0.0122311       0.0121005
   38222         0.01777      0.00614094
   38223       0.0060002      0.00600668
   38225      0.00985501      0.00539659
   38265    -0.000111962      0.00649833
   38266     -0.00554522      0.00827254
   38268       0.0112919        0.006084
   38271      0.00197783      0.00622502
   38272       0.0098139      0.00605403
   38273       0.0137753      0.00660843
   38274      0.00242402      0.00607564
   38275       0.0129237      0.00604348
   38276      -0.0129867       0.0130003
   38277      0.00657028        0.005933
   38278       0.0132342      0.00577682
   38283      -0.0067547      0.00585707
   38284      0.00831399      0.00549738
   38285      0.00278976       0.0104024
   38286     -0.00257202      0.00576704
   38288       0.0169943      0.00618146
   38289     -0.00375205      0.00563337
   38290        0.004664      0.00856758
   38300       0.0108301      0.00704795
   38301     -0.00377323       0.0106172
   38302       0.0126911      0.00573252
   38303      0.00547667      0.00626585
   38304       0.0168722      0.00882996
   38305      0.00869574      0.00588816
   38306     -0.00109828      0.00609882
   38307      0.00464144      0.00897274
   38309        0.007746      0.00797862
   38310       0.0100826      0.00603534
   38312       0.0129832      0.00612558
   38313     -0.00213636      0.00819883
   38314       0.0138054      0.00749149
   38315       0.0138814      0.00554722
   38316      0.00891086      0.00712305
   38317      0.00967951      0.00587877
   38318       0.0103267      0.00607287
   38320      0.00101295      0.00532007
   38321       0.0119947      0.00659904
   38322      0.00344276      0.00685095
   38328      0.00548507      0.00579267
   38329      0.00607754      0.00690884
   38331       0.0130076      0.00727367
   38337      0.00708699      0.00542348
   38338      0.00419813      0.00499857
   38339      -0.0176869      0.00706177
   38340        0.010772      0.00582661
   38341     -0.00048226      0.00578739
   38342      0.00269735      0.00647303
   38344       0.0114525      0.00580523
   38346       0.0024611      0.00581398
   38347      0.00969898      0.00855335
   38350       0.0147706      0.00581547
   38351      0.00789299      0.00716745
   38352      0.00629635      0.00837825
   38353      0.00136678      0.00581516
   38354     -0.00106692      0.00596621
   38355      0.00604165      0.00573083
   38356      0.00911286      0.00587241
   38359      0.00864179      0.00580456
   38360      0.00108417      0.00721817
   38364      0.00835535      0.00817563
   38365      0.00434357      0.00622071
   38378      0.00714753      0.00617758
   38379      0.00421946      0.00583958
   38380      0.00856922      0.00600493
   38381      0.00778774      0.00587671
   38382      0.00319139      0.00586883
   38383       0.0108004       0.0057881
   38384       0.0192229      0.00563503
   38385      0.00555883      0.00591933
   38387       0.0187017      0.00550982
   38388      0.00397147      0.00577659
   38389      0.00736619      0.00631058
   38390     -0.00208636      0.00683076
   38391       0.0112925      0.00595274
   38392       0.0115155       0.0059086
   38393       0.0101042      0.00624839
   38394       0.0112428      0.00608987
   38395      0.00549133      0.00604647
   38396     0.000810793      0.00603981
   38397        0.010653      0.00610411
   38398      0.00368254      0.00609216
   38399       0.0133758      0.00595089
   38400       0.0137877      0.00627948
   38401       0.0143874      0.00615973
   38402      0.00810019      0.00588309
   38403       0.0116715      0.00603173
   38404      0.00916785      0.00638076
   38405       0.0213742      0.00980683
   38408       0.0111007      0.00842161
   38409      0.00646287       0.0077408
   38410      0.00713695      0.00642208
   38411        0.019821       0.0107036
   38412       0.0141599      0.00596114
   38415     -0.00426293      0.00586098
   38417       0.0136123      0.00720568
   38418      0.00880278       0.0057798
   38419      0.00921123      0.00601888
   38420       0.0153475      0.00592311
   38421      0.00463675      0.00575057
   38422      0.00577294      0.00603831
   38423       0.0207433       0.0057689
   38424      0.00751257      0.00531046
   38425      0.00558282      0.00624438
   38426      0.00332951      0.00571272
   38429       0.0107631      0.00681545
   38430        0.012118      0.00601236
   38431       0.0111129      0.00536506
   38432     -0.00196428      0.00582181
   38433      0.00426165      0.00602844
   38434      0.00665365      0.00586016
   38435       0.0095751      0.00571574
   38436       0.0128068      0.00592654
   38437       0.0100451      0.00578941
   38438     -0.00360237      0.00791861
   38048      0.00704098      0.00605222
   38049       0.0154007      0.00589464
   38050      0.00551117      0.00589353
   38051      0.00416649      0.00650749
   38052      0.00587307      0.00588646
   38053     0.000270037      0.00597419
   38070      0.00419704      0.00559664
   38071       0.0104199      0.00573152
   38072      0.00911286       0.0050379
   38074       0.0107084      0.00607966
   38075      0.00455054      0.00564773
   38076      0.00447566      0.00524585
   38077      0.00869731      0.00582311
   38078       0.0110776      0.00612927
   38079       0.0103014      0.00875353
   38080      0.00626639      0.00569616
   38081       0.0184873      0.00635379
   38082       0.0105296      0.00641597
   38083      0.00172533      0.00635446
   38084    -0.000406788      0.00617625
   38085      -0.0040603      0.00646523
   38086     8.77873e-05       0.0059687
   38089      0.00711381      0.00596683
   38090      0.00654122      0.00588133
   38439      -0.0148902       0.0259704
   38440      0.00364025      0.00476369
   38441       0.0125639      0.00574751
   38443       0.0128333       0.0056994
   38446      0.00382718      0.00758808
   38447      0.00674468      0.00652056
   38449      0.00197487      0.00703104
   38450      0.00993211      0.00567285
   38451      0.00995375      0.00601939
   38452      0.00936529      0.00569624
   38453       0.0023409      0.00605817
   38454       0.0109186      0.00594821
   38455       0.0144317      0.00592075
   38456      0.00438581      0.00589017
   38457    -0.000108083      0.00589006
   38458      -0.0019835      0.00592931
   38459       0.0143887      0.00602389
   38460       0.0143074      0.00547773
   38461      0.00752421      0.00604281
   38462      0.00725225      0.00656107
   38463     -0.00362879      0.00615147
   38464       0.0146566      0.00600886
   38465       0.0102819      0.00628147
   38466    -0.000862852      0.00615153
   38467      0.00699042       0.0059829
   38468       0.0111601      0.00628427
   38469       0.0104441      0.00619629
   38470       0.0118605      0.00611275
   38471      0.00989437      0.00642747
   38472       0.0135713       0.0060941
   38473      0.00965668      0.00601226
   38474      0.00942093       0.0060974
   38475      0.00337939      0.00569077
   38476      0.00641862      0.00671321
   38477      0.00241521      0.00602759
   38479      0.00687908      0.00564946
   38480      0.00474654      0.00655964
   38483       0.0054536      0.00579496
   38484      0.00687902      0.00644372
   38485       0.0120425      0.00539053
   38486       0.0137563      0.00598405
   38487      0.00427711      0.00586553
   38488       0.0128231      0.00977801
   38489      0.00675333      0.00585323
   38490      0.00401165      0.00729949
   38491       0.0140822      0.00600693
   38492      0.00301762      0.00623003
   38493       0.0129423      0.00569449
   38494     -0.00386602      0.00516198
   38495      0.00525546      0.00581622
   38497      0.00841999      0.00510058
   38498        0.012543       0.0049512
   38499      0.00304059      0.00501853
   38500     -0.00226566      0.00726002
   38501       0.0113674       0.0123441
   38507      0.00325013      0.00515599
   38508    -0.000267401      0.00552844
   38509      0.00793893      0.00522424
   38510       0.0221095      0.00485057
   38511      0.00226449      0.00653508
   38512      0.00677601      0.00499493
   38513      0.00997257      0.00504504
   38514     -0.00723077      0.00842421
   38515      0.00676626      0.00540438
   38516      0.00542973      0.00636171
   38517      0.00416988      0.00498717
   38518     -0.00282424      0.00483754
   38519      0.00414213      0.00573537
   38520       0.0136981      0.00601484
   38521      0.00840143      0.00556749
   38522      0.00507073      0.00538272
   38523       0.0113939       0.0052154
   38524      0.00976729      0.00497933
   38525      0.00208233      0.00506967
   38526      0.00535891      0.00527034
   38527    -1.58981e-05      0.00915414
   38528      0.00571106      0.00497128
   38529      0.00373581      0.00476363
   38530      0.00430206      0.00499529
   38531       0.0125258      0.00685052
   38534       0.0111779       0.0050419
   38536      0.00238842      0.00713228
   38537      0.00999552      0.00582721
   38538     -0.00364315      0.00595762
   38539     0.000283643      0.00492076
   38540       0.0144787      0.00538187
   38541       0.0114829      0.00692992
   38542       0.0118722       0.0061358
   38543      0.00663806      0.00463359
   38544      0.00372575      0.00481566
   38545     -0.00594653      0.00648305
   38548      0.00301924      0.00500488
   38549      0.00530333      0.00496546
   38550      0.00673817      0.00534355
   38551      0.00920698      0.00510426
   38552      0.00530818      0.00536109
   38553       0.0123558      0.00635774
   38554       0.0202612      0.00946458
   38558       0.0137768      0.00831845
   38560      0.00897984       0.0050351
   38561      0.00301315      0.00502056
   38562      0.00655301      0.00434609
   38563      -0.0016279      0.00843126
   38568     -0.00767252       0.0123775
   38571     1.90377e-07      0.00634919
   38572     -0.00231863      0.00604602
   38573      0.00526453      0.00602606
   38574      0.00637582      0.00601056
   38575       0.0119212      0.00652878
   38576     -0.00581975      0.00575596
   38577      -0.0055682      0.00606231
   38578      0.00492432      0.00595905
   38579     -0.00242672        0.010496
   38580     -0.00127081      0.00588104
   38581      -0.0161739      0.00916867
   38582      0.00522532      0.00765512
   38583      0.00965359      0.00493386
   38584      0.00430076       0.0043515
   38585       0.0103392      0.00558704
   38587       0.0288021       0.0131529
   38588       0.0169113       0.0198182
   38590       0.0325647       0.0206175
   38596     -0.00537327      0.00588369
   38597       0.0195528      0.00619514
   38598      0.00738522       0.0112455
   38600      0.00535512      0.00545053
   38601      0.00801501      0.00516344
   38602       0.0098071      0.00495001
   38603      0.00622822      0.00488961
   38604      0.00720102      0.00492081
   38606      0.00733335       0.0048268
   38607      0.00367775      0.00506214
   38608      0.00960687      0.00515904
   38609       0.0033672      0.00594921
   38610       0.0158859      0.00612304
   38611      0.00888907      0.00594627
   38612    -0.000710844      0.00583625
   38613      0.00296004      0.00598797
   38614      0.00480904      0.00544341
   38616       0.0120983      0.00583739
   38617      0.00134857      0.00656773
   38618      0.00563034      0.00561981
   38619       0.0139305      0.00599695
   38620      0.00615393      0.00576806
   38621       0.0169438      0.00828651
   38622       0.0109062      0.00598389
   38623       0.0196515      0.00575095
   38624       0.0144418        0.006273
   38625    -0.000580925      0.00563199
   38626      0.00538828        0.005468
   38627       0.0163604      0.00574931
   38628       0.0096189      0.00632099
   38629      0.00426237       0.0059839
   38630      0.00194794      0.00575266
   38631       0.0157204      0.00597526
   38632      0.00884054      0.00596431
   38633      0.00744423      0.00646236
   38634      0.00185078      0.00540473
   38635      0.00583376      0.00626741
   38636       0.0192812      0.00762572
   38637       0.0126608      0.00611972
   38638      0.00459796      0.00615946
   38639       0.0027262      0.00982502
   38640       0.0088265      0.00612434
   38641      -0.0011174      0.00590216
   38642    -1.73259e-05      0.00591683
   38645        0.009277      0.00587355
   38646      0.00552451      0.00559414
   38648      0.00604464      0.00535807
   38649       0.0177024      0.00559521
   38650       0.0120635      0.00633861
   38651      0.00401339      0.00608981
   38652      0.00490518      0.00651088
   38653        0.012667      0.00618365
   38654     -0.00534101      0.00731504
   38655       0.0115555      0.00762088
   38656      0.00302811      0.00631621
   38658       0.0913466        0.124472
   38659      -0.0212039       0.0949615
   38660        0.219601        0.197988
   38661       -0.178081        0.271421
   38662     -0.00889655       0.0977968
   38663       -0.118084        0.112659
   38664        0.136001        0.100016
   38665       -0.110547       0.0880069
   38666      -0.0351717       0.0861521
   38667      -0.0497211       0.0900483
   38668      -0.0446927       0.0911512
   38670     -0.00660943      0.00939278
   38671       0.0039355       0.0101834
   38672      0.00131546      0.00547304
   38673       0.0103298      0.00754048
   38674      0.00606048      0.00595098
   38675       0.0154436      0.00874498
   38676        0.010771      0.00696237
   38677      0.00336273      0.00690934
   38681      0.00110897      0.00907204
   38682       0.0127125      0.00796781
   38684      0.00959932      0.00854267
   38685       0.0102189      0.00845688
   38686       0.0103592      0.00729534
   38687       0.0271855      0.00889935
   38689     -0.00898649      0.00873059
   38690      0.00286968      0.00658491
   38691       0.0139697      0.00611963
   38692       0.0109876       0.0063663
   38693       0.0214753      0.00595857
   38694       0.0228908      0.00594142
   38696      0.00308929      0.00621864
   38697       0.0109095      0.00618656
   38698      0.00522498      0.00586259
   38699      0.00697307      0.00619145
   38700      0.00652905      0.00599268
   38701     -0.00289473      0.00649942
   38702      0.00636779      0.00593718
   38703      0.00451886      0.00732043
