     1.15385     1.14737 0.000111171
     1.46154     1.14737 0.000183085
     1.76923     1.14737 0.000141838
     2.07692     1.14737 8.79529e-05
     2.38462     1.14737 4.82267e-05
     2.69231     1.14737 2.14905e-05
           3     1.14737 5.28273e-06
     3.30769     1.14737         nan
     3.61538     1.14737         nan
     3.92308     1.14737         nan
     4.23077     1.14737         nan
     4.53846     1.14737         nan
     4.84615     1.14737         nan
     5.15385     1.14737         nan
     1.15385     1.24211 8.00182e-05
     1.46154     1.24211 0.000140169
     1.76923     1.24211 0.000111807
     2.07692     1.24211  7.0771e-05
     2.38462     1.24211 3.93275e-05
     2.69231     1.24211 1.75672e-05
           3     1.24211 4.12128e-06
     3.30769     1.24211         nan
     3.61538     1.24211         nan
     3.92308     1.24211         nan
     4.23077     1.24211         nan
     4.53846     1.24211         nan
     4.84615     1.24211         nan
     5.15385     1.24211         nan
     1.15385     1.33684 5.85021e-05
     1.46154     1.33684 0.000108593
     1.76923     1.33684 8.89972e-05
     2.07692     1.33684 5.74528e-05
     2.38462     1.33684 3.23363e-05
     2.69231     1.33684 1.44652e-05
           3     1.33684 3.21075e-06
     3.30769     1.33684         nan
     3.61538     1.33684         nan
     3.92308     1.33684         nan
     4.23077     1.33684         nan
     4.53846     1.33684         nan
     4.84615     1.33684         nan
     5.15385     1.33684         nan
     1.15385     1.43158 4.33765e-05
     1.46154     1.43158 8.50162e-05
     1.76923     1.43158 7.14533e-05
     2.07692     1.43158 4.70066e-05
     2.38462     1.43158   2.678e-05
     2.69231     1.43158 1.19843e-05
           3     1.43158 2.48943e-06
     3.30769     1.43158         nan
     3.61538     1.43158         nan
     3.92308     1.43158         nan
     4.23077     1.43158         nan
     4.53846     1.43158         nan
     4.84615     1.43158         nan
     5.15385     1.43158         nan
     1.15385     1.52632  3.2573e-05
     1.46154     1.52632 6.71846e-05
     1.76923     1.52632   5.781e-05
     2.07692     1.52632 3.87277e-05
     2.38462     1.52632 2.23189e-05
     2.69231     1.52632 9.98046e-06
           3     1.52632 1.91303e-06
     3.30769     1.52632         nan
     3.61538     1.52632         nan
     3.92308     1.52632         nan
     4.23077     1.52632         nan
     4.53846     1.52632         nan
     4.84615     1.52632         nan
     5.15385     1.52632         nan
     1.15385     1.62105 2.47447e-05
     1.46154     1.62105 5.35433e-05
     1.76923     1.62105 4.70965e-05
     2.07692     1.62105 3.21059e-05
     2.38462     1.62105  1.8705e-05
     2.69231     1.62105 8.34805e-06
           3     1.62105 1.44915e-06
     3.30769     1.62105         nan
     3.61538     1.62105         nan
     3.92308     1.62105         nan
     4.23077     1.62105         nan
     4.53846     1.62105         nan
     4.84615     1.62105         nan
     5.15385     1.62105         nan
     1.15385     1.71579 1.89975e-05
     1.46154     1.71579 4.30003e-05
     1.76923     1.71579 3.86104e-05
     2.07692     1.71579 2.67661e-05
     2.38462     1.71579 1.57544e-05
     2.69231     1.71579 7.00819e-06
           3     1.71579 1.07365e-06
     3.30769     1.71579         nan
     3.61538     1.71579         nan
     3.92308     1.71579         nan
     4.23077     1.71579         nan
     4.53846     1.71579         nan
     4.84615     1.71579         nan
     5.15385     1.71579         nan
     1.15385     1.81053 1.47274e-05
     1.46154     1.81053 3.47763e-05
     1.76923     1.81053 3.18361e-05
     2.07692     1.81053 2.24282e-05
     2.38462     1.81053 1.33281e-05
     2.69231     1.81053 5.90113e-06
           3     1.81053 7.68257e-07
     3.30769     1.81053         nan
     3.61538     1.81053         nan
     3.92308     1.81053         nan
     4.23077     1.81053         nan
     4.53846     1.81053         nan
     4.84615     1.81053         nan
     5.15385     1.81053         nan
     1.15385     1.90526 1.15196e-05
     1.46154     1.90526 2.83069e-05
     1.76923     1.90526 2.63896e-05
     2.07692     1.90526 1.88807e-05
     2.38462     1.90526 1.13204e-05
     2.69231     1.90526 4.98105e-06
           3     1.90526 5.18963e-07
     3.30769     1.90526         nan
     3.61538     1.90526         nan
     3.92308     1.90526         nan
     4.23077     1.90526         nan
     4.53846     1.90526         nan
     4.84615     1.90526         nan
     5.15385     1.90526         nan
     1.15385           2 9.08512e-06
     1.46154           2 2.31784e-05
     1.76923           2 2.19824e-05
     2.07692           2 1.59619e-05
     2.38462           2 9.64943e-06
     2.69231           2 4.21237e-06
           3           2 3.14906e-07
     3.30769           2         nan
     3.61538           2         nan
     3.92308           2         nan
     4.23077           2         nan
     4.53846           2         nan
     4.84615           2         nan
     5.15385           2         nan
     1.15385     2.09474 7.22016e-06
     1.46154     2.09474 1.90838e-05
     1.76923     2.09474 1.83946e-05
     2.07692     2.09474 1.35472e-05
     2.38462     2.09474 8.25157e-06
     2.69231     2.09474 3.56716e-06
           3     2.09474         nan
     3.30769     2.09474         nan
     3.61538     2.09474         nan
     3.92308     2.09474         nan
     4.23077     2.09474         nan
     4.53846     2.09474         nan
     4.84615     2.09474         nan
     5.15385     2.09474         nan
     1.15385     2.18947 5.77891e-06
     1.46154     2.18947 1.57932e-05
     1.76923     2.18947 1.54578e-05
     2.07692     2.18947 1.15392e-05
     2.38462     2.18947 7.07661e-06
     2.69231     2.18947 3.02332e-06
           3     2.18947         nan
     3.30769     2.18947         nan
     3.61538     2.18947         nan
     3.92308     2.18947         nan
     4.23077     2.18947         nan
     4.53846     2.18947         nan
     4.84615     2.18947         nan
     5.15385     2.18947         nan
     1.15385     2.28421   4.656e-06
     1.46154     2.28421 1.31323e-05
     1.76923     2.28421 1.30413e-05
     2.07692     2.28421 9.86153e-06
     2.38462     2.28421 6.08474e-06
     2.69231     2.28421 2.56321e-06
           3     2.28421         nan
     3.30769     2.28421         nan
     3.61538     2.28421         nan
     3.92308     2.28421         nan
     4.23077     2.28421         nan
     4.53846     2.28421         nan
     4.84615     2.28421         nan
     5.15385     2.28421         nan
     1.15385     2.37895 3.77443e-06
     1.46154     2.37895 1.09684e-05
     1.76923     2.37895 1.10434e-05
     2.07692     2.37895 8.45381e-06
     2.38462     2.37895  5.2441e-06
     2.69231     2.37895 2.17261e-06
           3     2.37895         nan
     3.30769     2.37895         nan
     3.61538     2.37895         nan
     3.92308     2.37895         nan
     4.23077     2.37895         nan
     4.53846     2.37895         nan
     4.84615     2.37895         nan
     5.15385     2.37895         nan
     1.15385     2.47368  3.0774e-06
     1.46154     2.47368 9.19922e-06
     1.76923     2.47368 9.38412e-06
     2.07692     2.47368 7.26778e-06
     2.38462     2.47368 4.52901e-06
     2.69231     2.47368 1.84002e-06
           3     2.47368         nan
     3.30769     2.47368         nan
     3.61538     2.47368         nan
     3.92308     2.47368         nan
     4.23077     2.47368         nan
     4.53846     2.47368         nan
     4.84615     2.47368         nan
     5.15385     2.47368         nan
     1.15385     2.56842 2.52259e-06
     1.46154     2.56842 7.74547e-06
     1.76923     2.56842 8.00018e-06
     2.07692     2.56842 6.26476e-06
     2.38462     2.56842 3.91867e-06
     2.69231     2.56842 1.55605e-06
           3     2.56842         nan
     3.30769     2.56842         nan
     3.61538     2.56842         nan
     3.92308     2.56842         nan
     4.23077     2.56842         nan
     4.53846     2.56842         nan
     4.84615     2.56842         nan
     5.15385     2.56842         nan
     1.15385     2.66316 2.07821e-06
     1.46154     2.66316  6.5453e-06
     1.76923     2.66316 6.84126e-06
     2.07692     2.66316  5.4135e-06
     2.38462     2.66316 3.39611e-06
     2.69231     2.66316   1.313e-06
           3     2.66316         nan
     3.30769     2.66316         nan
     3.61538     2.66316         nan
     3.92308     2.66316         nan
     4.23077     2.66316         nan
     4.53846     2.66316         nan
     4.84615     2.66316         nan
     5.15385     2.66316         nan
     1.15385     2.75789 1.72017e-06
     1.46154     2.75789 5.55007e-06
     1.76923     2.75789  5.8671e-06
     2.07692     2.75789 4.68866e-06
     2.38462     2.75789 2.94741e-06
     2.69231     2.75789 1.10452e-06
           3     2.75789         nan
     3.30769     2.75789         nan
     3.61538     2.75789         nan
     3.92308     2.75789         nan
     4.23077     2.75789         nan
     4.53846     2.75789         nan
     4.84615     2.75789         nan
     5.15385     2.75789         nan
     1.15385     2.85263 1.43011e-06
     1.46154     2.85263 4.72134e-06
     1.76923     2.85263 5.04532e-06
     2.07692     2.85263 4.06955e-06
     2.38462     2.85263 2.56109e-06
     2.69231     2.85263 9.25344e-07
           3     2.85263         nan
     3.30769     2.85263         nan
     3.61538     2.85263         nan
     3.92308     2.85263         nan
     4.23077     2.85263         nan
     4.53846     2.85263         nan
     4.84615     2.85263         nan
     5.15385     2.85263         nan
     1.15385     2.94737 1.19388e-06
     1.46154     2.94737 4.02854e-06
     1.76923     2.94737 4.34973e-06
     2.07692     2.94737 3.53919e-06
     2.38462     2.94737 2.22765e-06
     2.69231     2.94737 7.71093e-07
           3     2.94737         nan
     3.30769     2.94737         nan
     3.61538     2.94737         nan
     3.92308     2.94737         nan
     4.23077     2.94737         nan
     4.53846     2.94737         nan
     4.84615     2.94737         nan
     5.15385     2.94737         nan
