1 1 -0.00119 
1 2 0.02401 
1 3 0.04472 
1 4 0.05993 
1 5 0.06978 
1 6 0.07530 
1 7 0.07766 
1 8 0.07799 
1 9 0.07741 
1 10 0.07700 
1 11 0.07711 
1 12 0.07578 
1 13 0.07147 
1 14 0.06842 
1 15 0.07628 
1 16 0.07444 
1 17 0.05687 
1 18 0.05141 
1 19 0.05729 
1 20 0.06700 
1 21 0.04879 
1 22 0.03698 
1 23 0.03221 
1 24 0.02993 
1 25 0.02878 
1 26 0.02870 
1 27 0.03029 
1 28 0.03417 
1 29 0.04002 
1 30 0.04463 
1 31 0.04200 
1 32 0.03166 
1 33 0.02027 
1 34 0.01187 
1 35 0.00651 
1 36 0.00324 
1 37 0.00131 
1 38 0.00026 
1 39 0.00000 
1 40 0.00000 
1 41 0.00000 
1 42 0.00000 
1 43 0.00000 
1 44 0.00000 
1 45 0.00000 
1 46 0.00000 
1 47 0.00000 
1 48 0.00000 
2 1 0.00000 
2 2 0.00646 
2 3 0.01715 
2 4 0.02627 
2 5 0.03299 
2 6 0.03746 
2 7 0.04004 
2 8 0.04119 
2 9 0.04132 
2 10 0.04088 
2 11 0.04030 
2 12 0.03997 
2 13 0.03979 
2 14 0.03873 
2 15 0.03638 
2 16 0.03473 
2 17 0.03800 
2 18 0.03859 
2 19 0.02919 
2 20 0.02550 
2 21 0.02695 
2 22 0.03313 
2 23 0.02695 
2 24 0.01942 
2 25 0.01636 
2 26 0.01492 
2 27 0.01410 
2 28 0.01371 
2 29 0.01401 
2 30 0.01538 
2 31 0.01788 
2 32 0.02027 
2 33 0.01949 
2 34 0.01464 
2 35 0.00912 
2 36 0.00512 
2 37 0.00264 
2 38 0.00119 
2 39 0.00037 
2 40 0.00000 
2 41 0.00000 
2 42 0.00000 
2 43 0.00000 
2 44 0.00000 
2 45 0.00000 
2 46 0.00000 
2 47 0.00000 
2 48 0.00000 
3 1 0.00000 
3 2 -0.00064 
3 3 0.00662 
3 4 0.01205 
3 5 0.01648 
3 6 0.01974 
3 7 0.02193 
3 8 0.02320 
3 9 0.02376 
3 10 0.02379 
3 11 0.02349 
3 12 0.02303 
3 13 0.02264 
3 14 0.02241 
3 15 0.02212 
3 16 0.02122 
3 17 0.01982 
3 18 0.01916 
3 19 0.02143 
3 20 0.02032 
3 21 0.01546 
3 22 0.01371 
3 23 0.01467 
3 24 0.01796 
3 25 0.01423 
3 26 0.01030 
3 27 0.00870 
3 28 0.00792 
3 29 0.00743 
3 30 0.00717 
3 31 0.00729 
3 32 0.00803 
3 33 0.00935 
3 34 0.01028 
3 35 0.00907 
3 36 0.00613 
3 37 0.00349 
3 38 0.00180 
3 39 0.00081 
3 40 0.00027 
3 41 0.00002 
3 42 0.00000 
3 43 0.00000 
3 44 0.00000 
3 45 0.00000 
3 46 0.00000 
3 47 0.00000 
3 48 0.00000 
4 1 0.00000 
4 2 0.00000 
4 3 0.00254 
4 4 0.00566 
4 5 0.00855 
4 6 0.01085 
4 7 0.01255 
4 8 0.01367 
4 9 0.01433 
4 10 0.01459 
4 11 0.01457 
4 12 0.01434 
4 13 0.01402 
4 14 0.01369 
4 15 0.01345 
4 16 0.01326 
4 17 0.01290 
4 18 0.01217 
4 19 0.01138 
4 20 0.01142 
4 21 0.01300 
4 22 0.01063 
4 23 0.00843 
4 24 0.00788 
4 25 0.00899 
4 26 0.01020 
4 27 0.00723 
4 28 0.00550 
4 29 0.00478 
4 30 0.00438 
4 31 0.00411 
4 32 0.00399 
4 33 0.00415 
4 34 0.00471 
4 35 0.00542 
4 36 0.00527 
4 37 0.00380 
4 38 0.00217 
4 39 0.00109 
4 40 0.00047 
4 41 0.00014 
4 42 0.00000 
4 43 0.00000 
4 44 0.00000 
4 45 0.00000 
4 46 0.00000 
4 47 0.00000 
4 48 0.00000 
5 1 0.00000 
5 2 0.00000 
5 3 -0.00041 
5 4 0.00269 
5 5 0.00455 
5 6 0.00616 
5 7 0.00743 
5 8 0.00834 
5 9 0.00895 
5 10 0.00928 
5 11 0.00940 
5 12 0.00935 
5 13 0.00918 
5 14 0.00894 
5 15 0.00869 
5 16 0.00848 
5 17 0.00833 
5 18 0.00814 
5 19 0.00775 
5 20 0.00721 
5 21 0.00689 
5 22 0.00747 
5 23 0.00746 
5 24 0.00562 
5 25 0.00484 
5 26 0.00496 
5 27 0.00611 
5 28 0.00524 
5 29 0.00367 
5 30 0.00302 
5 31 0.00271 
5 32 0.00250 
5 33 0.00236 
5 34 0.00237 
5 35 0.00261 
5 36 0.00303 
5 37 0.00307 
5 38 0.00224 
5 39 0.00125 
5 40 0.00060 
5 41 0.00024 
5 42 0.00006 
5 43 0.00000 
5 44 0.00000 
5 45 0.00000 
5 46 0.00000 
5 47 0.00000 
5 48 0.00000 
6 1 0.00000 
6 2 0.00000 
6 3 0.00000 
6 4 0.00136 
6 5 0.00247 
6 6 0.00359 
6 7 0.00452 
6 8 0.00523 
6 9 0.00575 
6 10 0.00607 
6 11 0.00624 
6 12 0.00629 
6 13 0.00623 
6 14 0.00610 
6 15 0.00592 
6 16 0.00573 
6 17 0.00556 
6 18 0.00543 
6 19 0.00530 
6 20 0.00508 
6 21 0.00474 
6 22 0.00444 
6 23 0.00454 
6 24 0.00500 
6 25 0.00388 
6 26 0.00316 
6 27 0.00303 
6 28 0.00359 
6 29 0.00367 
6 30 0.00250 
6 31 0.00197 
6 32 0.00173 
6 33 0.00158 
6 34 0.00146 
6 35 0.00144 
6 36 0.00156 
6 37 0.00181 
6 38 0.00182 
6 39 0.00128 
6 40 0.00067 
6 41 0.00030 
6 42 0.00010 
6 43 0.00001 
6 44 0.00000 
6 45 0.00000 
6 46 0.00000 
6 47 0.00000 
6 48 0.00000 
7 1 0.00000 
7 2 0.00000 
7 3 0.00000 
7 4 -0.00028 
7 5 0.00138 
7 6 0.00213 
7 7 0.00281 
7 8 0.00336 
7 9 0.00378 
7 10 0.00407 
7 11 0.00425 
7 12 0.00433 
7 13 0.00433 
7 14 0.00427 
7 15 0.00417 
7 16 0.00404 
7 17 0.00389 
7 18 0.00376 
7 19 0.00365 
7 20 0.00356 
7 21 0.00341 
7 22 0.00319 
7 23 0.00296 
7 24 0.00293 
7 25 0.00328 
7 26 0.00269 
7 27 0.00212 
7 28 0.00197 
7 29 0.00224 
7 30 0.00249 
7 31 0.00170 
7 32 0.00130 
7 33 0.00113 
7 34 0.00102 
7 35 0.00094 
7 36 0.00091 
7 37 0.00099 
7 38 0.00114 
7 39 0.00109 
7 40 0.00069 
7 41 0.00033 
7 42 0.00013 
7 43 0.00003 
7 44 0.00000 
7 45 0.00000 
7 46 0.00000 
7 47 0.00000 
7 48 0.00000 
8 1 0.00000 
8 2 0.00000 
8 3 0.00000 
8 4 0.00000 
8 5 0.00087 
8 6 0.00130 
8 7 0.00179 
8 8 0.00220 
8 9 0.00254 
8 10 0.00278 
8 11 0.00295 
8 12 0.00304 
8 13 0.00308 
8 14 0.00306 
8 15 0.00300 
8 16 0.00292 
8 17 0.00282 
8 18 0.00271 
8 19 0.00261 
8 20 0.00252 
8 21 0.00244 
8 22 0.00234 
8 23 0.00219 
8 24 0.00202 
8 25 0.00197 
8 26 0.00219 
8 27 0.00186 
8 28 0.00145 
8 29 0.00132 
8 30 0.00148 
8 31 0.00167 
8 32 0.00114 
8 33 0.00087 
8 34 0.00075 
8 35 0.00067 
8 36 0.00061 
8 37 0.00060 
8 38 0.00066 
8 39 0.00075 
8 40 0.00063 
8 41 0.00035 
8 42 0.00015 
8 43 0.00005 
8 44 0.00000 
8 45 0.00000 
8 46 0.00000 
8 47 0.00000 
8 48 0.00000 
9 1 0.00000 
9 2 0.00000 
9 3 0.00000 
9 4 0.00000 
9 5 -0.00020 
9 6 0.00082 
9 7 0.00116 
9 8 0.00147 
9 9 0.00173 
9 10 0.00194 
9 11 0.00208 
9 12 0.00217 
9 13 0.00222 
9 14 0.00223 
9 15 0.00220 
9 16 0.00215 
9 17 0.00209 
9 18 0.00201 
9 19 0.00192 
9 20 0.00184 
9 21 0.00178 
9 22 0.00171 
9 23 0.00164 
9 24 0.00152 
9 25 0.00141 
9 26 0.00137 
9 27 0.00151 
9 28 0.00128 
9 29 0.00099 
9 30 0.00091 
9 31 0.00103 
9 32 0.00113 
9 33 0.00076 
9 34 0.00058 
9 35 0.00050 
9 36 0.00045 
9 37 0.00041 
9 38 0.00040 
9 39 0.00046 
9 40 0.00049 
9 41 0.00034 
9 42 0.00016 
9 43 0.00006 
9 44 0.00001 
9 45 0.00000 
9 46 0.00000 
9 47 0.00000 
9 48 0.00000 
10 1 0.00000 
10 2 0.00000 
10 3 0.00000 
10 4 0.00000 
10 5 0.00000 
10 6 0.00062 
10 7 0.00077 
10 8 0.00100 
10 9 0.00121 
10 10 0.00137 
10 11 0.00149 
10 12 0.00158 
10 13 0.00163 
10 14 0.00165 
10 15 0.00164 
10 16 0.00161 
10 17 0.00157 
10 18 0.00152 
10 19 0.00145 
10 20 0.00139 
10 21 0.00133 
10 22 0.00127 
10 23 0.00122 
10 24 0.00116 
10 25 0.00108 
10 26 0.00099 
10 27 0.00097 
10 28 0.00107 
10 29 0.00088 
10 30 0.00069 
10 31 0.00064 
10 32 0.00075 
10 33 0.00075 
10 34 0.00049 
10 35 0.00039 
10 36 0.00034 
10 37 0.00030 
10 38 0.00028 
10 39 0.00029 
10 40 0.00033 
10 41 0.00030 
10 42 0.00016 
10 43 0.00006 
10 44 0.00002 
10 45 0.00000 
10 46 0.00000 
10 47 0.00000 
10 48 0.00000 
11 1 0.00000 
11 2 0.00000 
11 3 0.00000 
11 4 0.00000 
11 5 0.00000 
11 6 -0.00015 
11 7 0.00054 
11 8 0.00070 
11 9 0.00085 
11 10 0.00098 
11 11 0.00109 
11 12 0.00116 
11 13 0.00121 
11 14 0.00124 
11 15 0.00124 
11 16 0.00123 
11 17 0.00120 
11 18 0.00116 
11 19 0.00112 
11 20 0.00107 
11 21 0.00101 
11 22 0.00097 
11 23 0.00092 
11 24 0.00088 
11 25 0.00083 
11 26 0.00077 
11 27 0.00071 
11 28 0.00070 
11 29 0.00076 
11 30 0.00060 
11 31 0.00048 
11 32 0.00046 
11 33 0.00056 
11 34 0.00048 
11 35 0.00033 
11 36 0.00027 
11 37 0.00023 
11 38 0.00021 
11 39 0.00019 
11 40 0.00021 
11 41 0.00023 
11 42 0.00016 
11 43 0.00006 
11 44 0.00002 
11 45 0.00000 
11 46 0.00000 
11 47 0.00000 
11 48 0.00000 
12 1 0.00000 
12 2 0.00000 
12 3 0.00000 
12 4 0.00000 
12 5 0.00000 
12 6 0.00000 
12 7 0.00047 
12 8 0.00050 
12 9 0.00061 
12 10 0.00072 
12 11 0.00080 
12 12 0.00087 
12 13 0.00091 
12 14 0.00094 
12 15 0.00095 
12 16 0.00094 
12 17 0.00093 
12 18 0.00090 
12 19 0.00087 
12 20 0.00083 
12 21 0.00079 
12 22 0.00075 
12 23 0.00071 
12 24 0.00068 
12 25 0.00065 
12 26 0.00061 
12 27 0.00056 
12 28 0.00052 
12 29 0.00052 
12 30 0.00054 
12 31 0.00041 
12 32 0.00034 
12 33 0.00035 
12 34 0.00042 
12 35 0.00030 
12 36 0.00022 
12 37 0.00018 
12 38 0.00016 
12 39 0.00014 
12 40 0.00014 
12 41 0.00016 
12 42 0.00014 
12 43 0.00007 
12 44 0.00002 
12 45 0.00000 
12 46 0.00000 
12 47 0.00000 
12 48 0.00000 
13 1 0.00000 
13 2 0.00000 
13 3 0.00000 
13 4 0.00000 
13 5 0.00000 
13 6 0.00000 
13 7 -0.00011 
13 8 0.00037 
13 9 0.00045 
13 10 0.00053 
13 11 0.00060 
13 12 0.00066 
13 13 0.00070 
13 14 0.00072 
13 15 0.00073 
13 16 0.00073 
13 17 0.00072 
13 18 0.00071 
13 19 0.00068 
13 20 0.00066 
13 21 0.00062 
13 22 0.00059 
13 23 0.00056 
13 24 0.00053 
13 25 0.00050 
13 26 0.00048 
13 27 0.00044 
13 28 0.00041 
13 29 0.00038 
13 30 0.00040 
13 31 0.00037 
13 32 0.00028 
13 33 0.00025 
13 34 0.00027 
13 35 0.00029 
13 36 0.00019 
13 37 0.00015 
13 38 0.00013 
13 39 0.00011 
13 40 0.00010 
13 41 0.00011 
13 42 0.00011 
13 43 0.00006 
13 44 0.00002 
13 45 0.00000 
13 46 0.00000 
13 47 0.00000 
13 48 0.00000 
14 1 0.00000 
14 2 0.00000 
14 3 0.00000 
14 4 0.00000 
14 5 0.00000 
14 6 0.00000 
14 7 0.00000 
14 8 0.00037 
14 9 0.00034 
14 10 0.00040 
14 11 0.00046 
14 12 0.00050 
14 13 0.00054 
14 14 0.00056 
14 15 0.00057 
14 16 0.00058 
14 17 0.00057 
14 18 0.00056 
14 19 0.00054 
14 20 0.00052 
14 21 0.00050 
14 22 0.00047 
14 23 0.00045 
14 24 0.00042 
14 25 0.00040 
14 26 0.00038 
14 27 0.00035 
14 28 0.00033 
14 29 0.00030 
14 30 0.00028 
14 31 0.00031 
14 32 0.00025 
14 33 0.00020 
14 34 0.00018 
14 35 0.00022 
14 36 0.00018 
14 37 0.00012 
14 38 0.00010 
14 39 0.00009 
14 40 0.00008 
14 41 0.00008 
14 42 0.00009 
14 43 0.00006 
14 44 0.00002 
14 45 0.00001 
14 46 0.00000 
14 47 0.00000 
14 48 0.00000 
15 1 0.00000 
15 2 0.00000 
15 3 0.00000 
15 4 0.00000 
15 5 0.00000 
15 6 0.00000 
15 7 0.00000 
15 8 -0.00008 
15 9 0.00027 
15 10 0.00031 
15 11 0.00035 
15 12 0.00039 
15 13 0.00042 
15 14 0.00044 
15 15 0.00045 
15 16 0.00046 
15 17 0.00045 
15 18 0.00045 
15 19 0.00044 
15 20 0.00042 
15 21 0.00040 
15 22 0.00038 
15 23 0.00036 
15 24 0.00034 
15 25 0.00032 
15 26 0.00030 
15 27 0.00028 
15 28 0.00026 
15 29 0.00024 
15 30 0.00022 
15 31 0.00022 
15 32 0.00023 
15 33 0.00017 
15 34 0.00014 
15 35 0.00015 
15 36 0.00017 
15 37 0.00011 
15 38 0.00008 
15 39 0.00007 
15 40 0.00006 
15 41 0.00006 
15 42 0.00006 
15 43 0.00005 
15 44 0.00002 
15 45 0.00001 
15 46 0.00000 
15 47 0.00000 
15 48 0.00000 
16 1 0.00000 
16 2 0.00000 
16 3 0.00000 
16 4 0.00000 
16 5 0.00000 
16 6 0.00000 
16 7 0.00000 
16 8 0.00000 
16 9 0.00030 
16 10 0.00024 
16 11 0.00027 
16 12 0.00030 
16 13 0.00033 
16 14 0.00035 
16 15 0.00036 
16 16 0.00036 
16 17 0.00036 
16 18 0.00036 
16 19 0.00035 
16 20 0.00034 
16 21 0.00033 
16 22 0.00031 
16 23 0.00029 
16 24 0.00028 
16 25 0.00026 
16 26 0.00024 
16 27 0.00023 
16 28 0.00021 
16 29 0.00020 
16 30 0.00018 
16 31 0.00017 
16 32 0.00017 
16 33 0.00015 
16 34 0.00012 
16 35 0.00011 
16 36 0.00013 
16 37 0.00010 
16 38 0.00007 
16 39 0.00006 
16 40 0.00005 
16 41 0.00004 
16 42 0.00004 
16 43 0.00005 
16 44 0.00002 
16 45 0.00001 
16 46 0.00000 
16 47 0.00000 
16 48 0.00000 
17 1 0.00000 
17 2 0.00000 
17 3 0.00000 
17 4 0.00000 
17 5 0.00000 
17 6 0.00000 
17 7 0.00000 
17 8 0.00000 
17 9 -0.00006 
17 10 0.00020 
17 11 0.00022 
17 12 0.00024 
17 13 0.00026 
17 14 0.00028 
17 15 0.00029 
17 16 0.00029 
17 17 0.00029 
17 18 0.00029 
17 19 0.00029 
17 20 0.00028 
17 21 0.00027 
17 22 0.00026 
17 23 0.00024 
17 24 0.00023 
17 25 0.00021 
17 26 0.00020 
17 27 0.00019 
17 28 0.00017 
17 29 0.00016 
17 30 0.00015 
17 31 0.00013 
17 32 0.00013 
17 33 0.00014 
17 34 0.00010 
17 35 0.00008 
17 36 0.00009 
17 37 0.00010 
17 38 0.00006 
17 39 0.00005 
17 40 0.00004 
17 41 0.00003 
17 42 0.00003 
17 43 0.00004 
17 44 0.00002 
17 45 0.00001 
17 46 0.00000 
17 47 0.00000 
17 48 0.00000 
18 1 0.00000 
18 2 0.00000 
18 3 0.00000 
18 4 0.00000 
18 5 0.00000 
18 6 0.00000 
18 7 0.00000 
18 8 0.00000 
18 9 0.00000 
18 10 0.00025 
18 11 0.00018 
18 12 0.00019 
18 13 0.00021 
18 14 0.00022 
18 15 0.00023 
18 16 0.00024 
18 17 0.00024 
18 18 0.00024 
18 19 0.00024 
18 20 0.00023 
18 21 0.00022 
18 22 0.00021 
18 23 0.00020 
18 24 0.00019 
18 25 0.00018 
18 26 0.00017 
18 27 0.00015 
18 28 0.00014 
18 29 0.00013 
18 30 0.00012 
18 31 0.00011 
18 32 0.00010 
18 33 0.00010 
18 34 0.00009 
18 35 0.00007 
18 36 0.00006 
18 37 0.00008 
18 38 0.00006 
18 39 0.00004 
18 40 0.00003 
18 41 0.00003 
18 42 0.00002 
18 43 0.00003 
18 44 0.00002 
18 45 0.00001 
18 46 0.00000 
18 47 0.00000 
18 48 0.00000 
19 1 0.00000 
19 2 0.00000 
19 3 0.00000 
19 4 0.00000 
19 5 0.00000 
19 6 0.00000 
19 7 0.00000 
19 8 0.00000 
19 9 0.00000 
19 10 -0.00005 
19 11 0.00016 
19 12 0.00016 
19 13 0.00017 
19 14 0.00018 
19 15 0.00019 
19 16 0.00019 
19 17 0.00020 
19 18 0.00020 
19 19 0.00019 
19 20 0.00019 
19 21 0.00018 
19 22 0.00018 
19 23 0.00017 
19 24 0.00016 
19 25 0.00015 
19 26 0.00014 
19 27 0.00013 
19 28 0.00012 
19 29 0.00011 
19 30 0.00010 
19 31 0.00009 
19 32 0.00008 
19 33 0.00008 
19 34 0.00008 
19 35 0.00006 
19 36 0.00005 
19 37 0.00005 
19 38 0.00006 
19 39 0.00003 
19 40 0.00003 
19 41 0.00002 
19 42 0.00002 
19 43 0.00002 
19 44 0.00002 
19 45 0.00001 
19 46 0.00000 
19 47 0.00000 
19 48 0.00000 
20 1 0.00000 
20 2 0.00000 
20 3 0.00000 
20 4 0.00000 
20 5 0.00000 
20 6 0.00000 
20 7 0.00000 
20 8 0.00000 
20 9 0.00000 
20 10 0.00000 
20 11 0.00022 
20 12 0.00013 
20 13 0.00014 
20 14 0.00015 
20 15 0.00015 
20 16 0.00016 
20 17 0.00016 
20 18 0.00016 
20 19 0.00016 
20 20 0.00016 
20 21 0.00015 
20 22 0.00015 
20 23 0.00014 
20 24 0.00013 
20 25 0.00012 
20 26 0.00012 
20 27 0.00011 
20 28 0.00010 
20 29 0.00009 
20 30 0.00009 
20 31 0.00008 
20 32 0.00007 
20 33 0.00006 
20 34 0.00006 
20 35 0.00006 
20 36 0.00004 
20 37 0.00004 
20 38 0.00005 
20 39 0.00003 
20 40 0.00002 
20 41 0.00002 
20 42 0.00002 
20 43 0.00002 
20 44 0.00002 
20 45 0.00001 
20 46 0.00000 
20 47 0.00000 
20 48 0.00000 
21 1 0.00000 
21 2 0.00000 
21 3 0.00000 
21 4 0.00000 
21 5 0.00000 
21 6 0.00000 
21 7 0.00000 
21 8 0.00000 
21 9 0.00000 
21 10 0.00000 
21 11 -0.00004 
21 12 0.00012 
21 13 0.00012 
21 14 0.00012 
21 15 0.00013 
21 16 0.00013 
21 17 0.00013 
21 18 0.00014 
21 19 0.00013 
21 20 0.00013 
21 21 0.00013 
21 22 0.00012 
21 23 0.00012 
21 24 0.00011 
21 25 0.00010 
21 26 0.00010 
21 27 0.00009 
21 28 0.00008 
21 29 0.00008 
21 30 0.00007 
21 31 0.00007 
21 32 0.00006 
21 33 0.00005 
21 34 0.00005 
21 35 0.00005 
21 36 0.00004 
21 37 0.00003 
21 38 0.00004 
21 39 0.00003 
21 40 0.00002 
21 41 0.00002 
21 42 0.00001 
21 43 0.00001 
21 44 0.00001 
21 45 0.00001 
21 46 0.00000 
21 47 0.00000 
21 48 0.00000 
22 1 0.00000 
22 2 0.00000 
22 3 0.00000 
22 4 0.00000 
22 5 0.00000 
22 6 0.00000 
22 7 0.00000 
22 8 0.00000 
22 9 0.00000 
22 10 0.00000 
22 11 0.00000 
22 12 0.00019 
22 13 0.00010 
22 14 0.00010 
22 15 0.00011 
22 16 0.00011 
22 17 0.00011 
22 18 0.00011 
22 19 0.00011 
22 20 0.00011 
22 21 0.00011 
22 22 0.00010 
22 23 0.00010 
22 24 0.00009 
22 25 0.00009 
22 26 0.00008 
22 27 0.00008 
22 28 0.00007 
22 29 0.00007 
22 30 0.00006 
22 31 0.00006 
22 32 0.00005 
22 33 0.00004 
22 34 0.00004 
22 35 0.00004 
22 36 0.00003 
22 37 0.00003 
22 38 0.00003 
22 39 0.00003 
22 40 0.00002 
22 41 0.00001 
22 42 0.00001 
22 43 0.00001 
22 44 0.00001 
22 45 0.00001 
22 46 0.00000 
22 47 0.00000 
22 48 0.00000 
23 1 0.00000 
23 2 0.00000 
23 3 0.00000 
23 4 0.00000 
23 5 0.00000 
23 6 0.00000 
23 7 0.00000 
23 8 0.00000 
23 9 0.00000 
23 10 0.00000 
23 11 0.00000 
23 12 -0.00003 
23 13 0.00010 
23 14 0.00009 
23 15 0.00009 
23 16 0.00009 
23 17 0.00009 
23 18 0.00010 
23 19 0.00010 
23 20 0.00009 
23 21 0.00009 
23 22 0.00009 
23 23 0.00008 
23 24 0.00008 
23 25 0.00008 
23 26 0.00007 
23 27 0.00007 
23 28 0.00006 
23 29 0.00006 
23 30 0.00005 
23 31 0.00005 
23 32 0.00004 
23 33 0.00004 
23 34 0.00003 
23 35 0.00003 
23 36 0.00003 
23 37 0.00002 
23 38 0.00002 
23 39 0.00002 
23 40 0.00002 
23 41 0.00001 
23 42 0.00001 
23 43 0.00001 
23 44 0.00001 
23 45 0.00001 
23 46 0.00000 
23 47 0.00000 
23 48 0.00000 
24 1 0.00000 
24 2 0.00000 
24 3 0.00000 
24 4 0.00000 
24 5 0.00000 
24 6 0.00000 
24 7 0.00000 
24 8 0.00000 
24 9 0.00000 
24 10 0.00000 
24 11 0.00000 
24 12 0.00000 
24 13 0.00017 
24 14 0.00008 
24 15 0.00008 
24 16 0.00008 
24 17 0.00008 
24 18 0.00008 
24 19 0.00008 
24 20 0.00008 
24 21 0.00008 
24 22 0.00008 
24 23 0.00007 
24 24 0.00007 
24 25 0.00006 
24 26 0.00006 
24 27 0.00006 
24 28 0.00005 
24 29 0.00005 
24 30 0.00004 
24 31 0.00004 
24 32 0.00004 
24 33 0.00003 
24 34 0.00003 
24 35 0.00003 
24 36 0.00003 
24 37 0.00002 
24 38 0.00002 
24 39 0.00002 
24 40 0.00001 
24 41 0.00001 
24 42 0.00001 
24 43 0.00001 
24 44 0.00001 
24 45 0.00001 
24 46 0.00000 
24 47 0.00000 
24 48 0.00000 
25 1 0.00000 
25 2 0.00000 
25 3 0.00000 
25 4 0.00000 
25 5 0.00000 
25 6 0.00000 
25 7 0.00000 
25 8 0.00000 
25 9 0.00000 
25 10 0.00000 
25 11 0.00000 
25 12 0.00000 
25 13 -0.00003 
25 14 0.00008 
25 15 0.00007 
25 16 0.00007 
25 17 0.00007 
25 18 0.00007 
25 19 0.00007 
25 20 0.00007 
25 21 0.00007 
25 22 0.00006 
25 23 0.00006 
25 24 0.00006 
25 25 0.00006 
25 26 0.00005 
25 27 0.00005 
25 28 0.00004 
25 29 0.00004 
25 30 0.00004 
25 31 0.00003 
25 32 0.00003 
25 33 0.00003 
25 34 0.00002 
25 35 0.00002 
25 36 0.00002 
25 37 0.00002 
25 38 0.00001 
25 39 0.00001 
25 40 0.00001 
25 41 0.00001 
25 42 0.00001 
25 43 0.00001 
25 44 0.00000 
25 45 0.00000 
25 46 0.00000 
25 47 0.00000 
25 48 0.00000 
26 1 0.00000 
26 2 0.00000 
26 3 0.00000 
26 4 0.00000 
26 5 0.00000 
26 6 0.00000 
26 7 0.00000 
26 8 0.00000 
26 9 0.00000 
26 10 0.00000 
26 11 0.00000 
26 12 0.00000 
26 13 0.00000 
26 14 0.00016 
26 15 0.00006 
26 16 0.00006 
26 17 0.00006 
26 18 0.00006 
26 19 0.00006 
26 20 0.00006 
26 21 0.00006 
26 22 0.00006 
26 23 0.00005 
26 24 0.00005 
26 25 0.00005 
26 26 0.00004 
26 27 0.00004 
26 28 0.00004 
26 29 0.00004 
26 30 0.00003 
26 31 0.00003 
26 32 0.00003 
26 33 0.00002 
26 34 0.00002 
26 35 0.00002 
26 36 0.00002 
26 37 0.00002 
26 38 0.00001 
26 39 0.00001 
26 40 0.00001 
26 41 0.00001 
26 42 0.00001 
26 43 0.00000 
26 44 0.00000 
26 45 0.00000 
26 46 0.00000 
26 47 0.00000 
26 48 0.00000 
27 1 0.00000 
27 2 0.00000 
27 3 0.00000 
27 4 0.00000 
27 5 0.00000 
27 6 0.00000 
27 7 0.00000 
27 8 0.00000 
27 9 0.00000 
27 10 0.00000 
27 11 0.00000 
27 12 0.00000 
27 13 0.00000 
27 14 -0.00002 
27 15 0.00006 
27 16 0.00005 
27 17 0.00005 
27 18 0.00005 
27 19 0.00005 
27 20 0.00005 
27 21 0.00005 
27 22 0.00005 
27 23 0.00005 
27 24 0.00004 
27 25 0.00004 
27 26 0.00004 
27 27 0.00004 
27 28 0.00003 
27 29 0.00003 
27 30 0.00003 
27 31 0.00003 
27 32 0.00002 
27 33 0.00002 
27 34 0.00002 
27 35 0.00002 
27 36 0.00001 
27 37 0.00001 
27 38 0.00001 
27 39 0.00001 
27 40 0.00001 
27 41 0.00001 
27 42 0.00001 
27 43 0.00000 
27 44 0.00000 
27 45 0.00000 
27 46 0.00000 
27 47 0.00000 
27 48 0.00000 
28 1 0.00000 
28 2 0.00000 
28 3 0.00000 
28 4 0.00000 
28 5 0.00000 
28 6 0.00000 
28 7 0.00000 
28 8 0.00000 
28 9 0.00000 
28 10 0.00000 
28 11 0.00000 
28 12 0.00000 
28 13 0.00000 
28 14 0.00000 
28 15 0.00015 
28 16 0.00005 
28 17 0.00004 
28 18 0.00004 
28 19 0.00004 
28 20 0.00004 
28 21 0.00004 
28 22 0.00004 
28 23 0.00004 
28 24 0.00004 
28 25 0.00004 
28 26 0.00003 
28 27 0.00003 
28 28 0.00003 
28 29 0.00003 
28 30 0.00002 
28 31 0.00002 
28 32 0.00002 
28 33 0.00002 
28 34 0.00002 
28 35 0.00001 
28 36 0.00001 
28 37 0.00001 
28 38 0.00001 
28 39 0.00001 
28 40 0.00001 
28 41 0.00001 
28 42 0.00000 
28 43 0.00000 
28 44 0.00000 
28 45 0.00000 
28 46 0.00000 
28 47 0.00000 
28 48 0.00000 
29 1 0.00000 
29 2 0.00000 
29 3 0.00000 
29 4 0.00000 
29 5 0.00000 
29 6 0.00000 
29 7 0.00000 
29 8 0.00000 
29 9 0.00000 
29 10 0.00000 
29 11 0.00000 
29 12 0.00000 
29 13 0.00000 
29 14 0.00000 
29 15 -0.00002 
29 16 0.00005 
29 17 0.00004 
29 18 0.00004 
29 19 0.00004 
29 20 0.00004 
29 21 0.00004 
29 22 0.00004 
29 23 0.00003 
29 24 0.00003 
29 25 0.00003 
29 26 0.00003 
29 27 0.00003 
29 28 0.00003 
29 29 0.00002 
29 30 0.00002 
29 31 0.00002 
29 32 0.00002 
29 33 0.00002 
29 34 0.00001 
29 35 0.00001 
29 36 0.00001 
29 37 0.00001 
29 38 0.00001 
29 39 0.00001 
29 40 0.00001 
29 41 0.00001 
29 42 0.00000 
29 43 0.00000 
29 44 0.00000 
29 45 0.00000 
29 46 0.00000 
29 47 0.00000 
29 48 0.00000 
30 1 0.00000 
30 2 0.00000 
30 3 0.00000 
30 4 0.00000 
30 5 0.00000 
30 6 0.00000 
30 7 0.00000 
30 8 0.00000 
30 9 0.00000 
30 10 0.00000 
30 11 0.00000 
30 12 0.00000 
30 13 0.00000 
30 14 0.00000 
30 15 0.00000 
30 16 0.00015 
30 17 0.00004 
30 18 0.00003 
30 19 0.00003 
30 20 0.00003 
30 21 0.00003 
30 22 0.00003 
30 23 0.00003 
30 24 0.00003 
30 25 0.00003 
30 26 0.00003 
30 27 0.00002 
30 28 0.00002 
30 29 0.00002 
30 30 0.00002 
30 31 0.00002 
30 32 0.00002 
30 33 0.00001 
30 34 0.00001 
30 35 0.00001 
30 36 0.00001 
30 37 0.00001 
30 38 0.00001 
30 39 0.00001 
30 40 0.00001 
30 41 0.00001 
30 42 0.00000 
30 43 0.00000 
30 44 0.00000 
30 45 0.00000 
30 46 0.00000 
30 47 0.00000 
30 48 0.00000 
31 1 0.00000 
31 2 0.00000 
31 3 0.00000 
31 4 0.00000 
31 5 0.00000 
31 6 0.00000 
31 7 0.00000 
31 8 0.00000 
31 9 0.00000 
31 10 0.00000 
31 11 0.00000 
31 12 0.00000 
31 13 0.00000 
31 14 0.00000 
31 15 0.00000 
31 16 -0.00001 
31 17 0.00004 
31 18 0.00003 
31 19 0.00003 
31 20 0.00003 
31 21 0.00003 
31 22 0.00003 
31 23 0.00003 
31 24 0.00002 
31 25 0.00002 
31 26 0.00002 
31 27 0.00002 
31 28 0.00002 
31 29 0.00002 
31 30 0.00002 
31 31 0.00001 
31 32 0.00001 
31 33 0.00001 
31 34 0.00001 
31 35 0.00001 
31 36 0.00001 
31 37 0.00001 
31 38 0.00001 
31 39 0.00001 
31 40 0.00000 
31 41 0.00000 
31 42 0.00000 
31 43 0.00000 
31 44 0.00000 
31 45 0.00000 
31 46 0.00000 
31 47 0.00000 
31 48 0.00000 
32 1 0.00000 
32 2 0.00000 
32 3 0.00000 
32 4 0.00000 
32 5 0.00000 
32 6 0.00000 
32 7 0.00000 
32 8 0.00000 
32 9 0.00000 
32 10 0.00000 
32 11 0.00000 
32 12 0.00000 
32 13 0.00000 
32 14 0.00000 
32 15 0.00000 
32 16 0.00000 
32 17 0.00016 
32 18 0.00003 
32 19 0.00003 
32 20 0.00002 
32 21 0.00002 
32 22 0.00002 
32 23 0.00002 
32 24 0.00002 
32 25 0.00002 
32 26 0.00002 
32 27 0.00002 
32 28 0.00002 
32 29 0.00002 
32 30 0.00001 
32 31 0.00001 
32 32 0.00001 
32 33 0.00001 
32 34 0.00001 
32 35 0.00001 
32 36 0.00001 
32 37 0.00001 
32 38 0.00001 
32 39 0.00000 
32 40 0.00000 
32 41 0.00000 
32 42 0.00000 
32 43 0.00000 
32 44 0.00000 
32 45 0.00000 
32 46 0.00000 
32 47 0.00000 
32 48 0.00000 
33 1 0.00000 
33 2 0.00000 
33 3 0.00000 
33 4 0.00000 
33 5 0.00000 
33 6 0.00000 
33 7 0.00000 
33 8 0.00000 
33 9 0.00000 
33 10 0.00000 
33 11 0.00000 
33 12 0.00000 
33 13 0.00000 
33 14 0.00000 
33 15 0.00000 
33 16 0.00000 
33 17 -0.00001 
33 18 0.00003 
33 19 0.00002 
33 20 0.00002 
33 21 0.00002 
33 22 0.00002 
33 23 0.00002 
33 24 0.00002 
33 25 0.00002 
33 26 0.00002 
33 27 0.00002 
33 28 0.00001 
33 29 0.00001 
33 30 0.00001 
33 31 0.00001 
33 32 0.00001 
33 33 0.00001 
33 34 0.00001 
33 35 0.00001 
33 36 0.00001 
33 37 0.00001 
33 38 0.00000 
33 39 0.00000 
33 40 0.00000 
33 41 0.00000 
33 42 0.00000 
33 43 0.00000 
33 44 0.00000 
33 45 0.00000 
33 46 0.00000 
33 47 0.00000 
33 48 0.00000 
34 1 0.00000 
34 2 0.00000 
34 3 0.00000 
34 4 0.00000 
34 5 0.00000 
34 6 0.00000 
34 7 0.00000 
34 8 0.00000 
34 9 0.00000 
34 10 0.00000 
34 11 0.00000 
34 12 0.00000 
34 13 0.00000 
34 14 0.00000 
34 15 0.00000 
34 16 0.00000 
34 17 0.00000 
34 18 0.00020 
34 19 0.00002 
34 20 0.00002 
34 21 0.00002 
34 22 0.00002 
34 23 0.00002 
34 24 0.00002 
34 25 0.00002 
34 26 0.00002 
34 27 0.00001 
34 28 0.00001 
34 29 0.00001 
34 30 0.00001 
34 31 0.00001 
34 32 0.00001 
34 33 0.00001 
34 34 0.00001 
34 35 0.00001 
34 36 0.00001 
34 37 0.00000 
34 38 0.00000 
34 39 0.00000 
34 40 0.00000 
34 41 0.00000 
34 42 0.00000 
34 43 0.00000 
34 44 0.00000 
34 45 0.00000 
34 46 0.00000 
34 47 0.00000 
34 48 0.00000 
35 1 0.00000 
35 2 0.00000 
35 3 0.00000 
35 4 0.00000 
35 5 0.00000 
35 6 0.00000 
35 7 0.00000 
35 8 0.00000 
35 9 0.00000 
35 10 0.00000 
35 11 0.00000 
35 12 0.00000 
35 13 0.00000 
35 14 0.00000 
35 15 0.00000 
35 16 0.00000 
35 17 0.00000 
35 18 -0.00001 
35 19 0.00003 
35 20 0.00002 
35 21 0.00002 
35 22 0.00002 
35 23 0.00002 
35 24 0.00001 
35 25 0.00001 
35 26 0.00001 
35 27 0.00001 
35 28 0.00001 
35 29 0.00001 
35 30 0.00001 
35 31 0.00001 
35 32 0.00001 
35 33 0.00001 
35 34 0.00001 
35 35 0.00001 
35 36 0.00001 
35 37 0.00000 
35 38 0.00000 
35 39 0.00000 
35 40 0.00000 
35 41 0.00000 
35 42 0.00000 
35 43 0.00000 
35 44 0.00000 
35 45 0.00000 
35 46 0.00000 
35 47 0.00000 
35 48 0.00000 
36 1 0.00000 
36 2 0.00000 
36 3 0.00000 
36 4 0.00000 
36 5 0.00000 
36 6 0.00000 
36 7 0.00000 
36 8 0.00000 
36 9 0.00000 
36 10 0.00000 
36 11 0.00000 
36 12 0.00000 
36 13 0.00000 
36 14 0.00000 
36 15 0.00000 
36 16 0.00000 
36 17 0.00000 
36 18 0.00000 
36 19 0.00033 
36 20 0.00002 
36 21 0.00001 
36 22 0.00001 
36 23 0.00001 
36 24 0.00001 
36 25 0.00001 
36 26 0.00001 
36 27 0.00001 
36 28 0.00001 
36 29 0.00001 
36 30 0.00001 
36 31 0.00001 
36 32 0.00001 
36 33 0.00001 
36 34 0.00001 
36 35 0.00001 
36 36 0.00000 
36 37 0.00000 
36 38 0.00000 
36 39 0.00000 
36 40 0.00000 
36 41 0.00000 
36 42 0.00000 
36 43 0.00000 
36 44 0.00000 
36 45 0.00000 
36 46 0.00000 
36 47 0.00000 
36 48 0.00000 
37 1 0.00000 
37 2 0.00000 
37 3 0.00000 
37 4 0.00000 
37 5 0.00000 
37 6 0.00000 
37 7 0.00000 
37 8 0.00000 
37 9 0.00000 
37 10 0.00000 
37 11 0.00000 
37 12 0.00000 
37 13 0.00000 
37 14 0.00000 
37 15 0.00000 
37 16 0.00000 
37 17 0.00000 
37 18 0.00000 
37 19 -0.00001 
37 20 0.00002 
37 21 0.00001 
37 22 0.00001 
37 23 0.00001 
37 24 0.00001 
37 25 0.00001 
37 26 0.00001 
37 27 0.00001 
37 28 0.00001 
37 29 0.00001 
37 30 0.00001 
37 31 0.00001 
37 32 0.00001 
37 33 0.00001 
37 34 0.00001 
37 35 0.00000 
37 36 0.00000 
37 37 0.00000 
37 38 0.00000 
37 39 0.00000 
37 40 0.00000 
37 41 0.00000 
37 42 0.00000 
37 43 0.00000 
37 44 0.00000 
37 45 0.00000 
37 46 0.00000 
37 47 0.00000 
37 48 0.00000 
38 1 0.00000 
38 2 0.00000 
38 3 0.00000 
38 4 0.00000 
38 5 0.00000 
38 6 0.00000 
38 7 0.00000 
38 8 0.00000 
38 9 0.00000 
38 10 0.00000 
38 11 0.00000 
38 12 0.00000 
38 13 0.00000 
38 14 0.00000 
38 15 0.00000 
38 16 0.00000 
38 17 0.00000 
38 18 0.00000 
38 19 0.00000 
38 20 -0.00172 
38 21 0.00001 
38 22 0.00001 
38 23 0.00001 
38 24 0.00001 
38 25 0.00001 
38 26 0.00001 
38 27 0.00001 
38 28 0.00001 
38 29 0.00001 
38 30 0.00001 
38 31 0.00001 
38 32 0.00001 
38 33 0.00001 
38 34 0.00000 
38 35 0.00000 
38 36 0.00000 
38 37 0.00000 
38 38 0.00000 
38 39 0.00000 
38 40 0.00000 
38 41 0.00000 
38 42 0.00000 
38 43 0.00000 
38 44 0.00000 
38 45 0.00000 
38 46 0.00000 
38 47 0.00000 
38 48 0.00000 
39 1 0.00000 
39 2 0.00000 
39 3 0.00000 
39 4 0.00000 
39 5 0.00000 
39 6 0.00000 
39 7 0.00000 
39 8 0.00000 
39 9 0.00000 
39 10 0.00000 
39 11 0.00000 
39 12 0.00000 
39 13 0.00000 
39 14 0.00000 
39 15 0.00000 
39 16 0.00000 
39 17 0.00000 
39 18 0.00000 
39 19 0.00000 
39 20 -0.00001 
39 21 0.00002 
39 22 0.00001 
39 23 0.00001 
39 24 0.00001 
39 25 0.00001 
39 26 0.00001 
39 27 0.00001 
39 28 0.00001 
39 29 0.00001 
39 30 0.00001 
39 31 0.00001 
39 32 0.00001 
39 33 0.00000 
39 34 0.00000 
39 35 0.00000 
39 36 0.00000 
39 37 0.00000 
39 38 0.00000 
39 39 0.00000 
39 40 0.00000 
39 41 0.00000 
39 42 0.00000 
39 43 0.00000 
39 44 0.00000 
39 45 0.00000 
39 46 0.00000 
39 47 0.00000 
39 48 0.00000 
40 1 0.00000 
40 2 0.00000 
40 3 0.00000 
40 4 0.00000 
40 5 0.00000 
40 6 0.00000 
40 7 0.00000 
40 8 0.00000 
40 9 0.00000 
40 10 0.00000 
40 11 0.00000 
40 12 0.00000 
40 13 0.00000 
40 14 0.00000 
40 15 0.00000 
40 16 0.00000 
40 17 0.00000 
40 18 0.00000 
40 19 0.00000 
40 20 0.00000 
40 21 -0.00016 
40 22 0.00001 
40 23 0.00001 
40 24 0.00001 
40 25 0.00001 
40 26 0.00001 
40 27 0.00001 
40 28 0.00001 
40 29 0.00001 
40 30 0.00001 
40 31 0.00000 
40 32 0.00000 
40 33 0.00000 
40 34 0.00000 
40 35 0.00000 
40 36 0.00000 
40 37 0.00000 
40 38 0.00000 
40 39 0.00000 
40 40 0.00000 
40 41 0.00000 
40 42 0.00000 
40 43 0.00000 
40 44 0.00000 
40 45 0.00000 
40 46 0.00000 
40 47 0.00000 
40 48 0.00000 
41 1 0.00000 
41 2 0.00000 
41 3 0.00000 
41 4 0.00000 
41 5 0.00000 
41 6 0.00000 
41 7 0.00000 
41 8 0.00000 
41 9 0.00000 
41 10 0.00000 
41 11 0.00000 
41 12 0.00000 
41 13 0.00000 
41 14 0.00000 
41 15 0.00000 
41 16 0.00000 
41 17 0.00000 
41 18 0.00000 
41 19 0.00000 
41 20 0.00000 
41 21 -0.00001 
41 22 0.00001 
41 23 0.00001 
41 24 0.00001 
41 25 0.00001 
41 26 0.00001 
41 27 0.00001 
41 28 0.00001 
41 29 0.00001 
41 30 0.00000 
41 31 0.00000 
41 32 0.00000 
41 33 0.00000 
41 34 0.00000 
41 35 0.00000 
41 36 0.00000 
41 37 0.00000 
41 38 0.00000 
41 39 0.00000 
41 40 0.00000 
41 41 0.00000 
41 42 0.00000 
41 43 0.00000 
41 44 0.00000 
41 45 0.00000 
41 46 0.00000 
41 47 0.00000 
41 48 0.00000 
42 1 0.00000 
42 2 0.00000 
42 3 0.00000 
42 4 0.00000 
42 5 0.00000 
42 6 0.00000 
42 7 0.00000 
42 8 0.00000 
42 9 0.00000 
42 10 0.00000 
42 11 0.00000 
42 12 0.00000 
42 13 0.00000 
42 14 0.00000 
42 15 0.00000 
42 16 0.00000 
42 17 0.00000 
42 18 0.00000 
42 19 0.00000 
42 20 0.00000 
42 21 0.00000 
42 22 -0.00007 
42 23 0.00001 
42 24 0.00001 
42 25 0.00001 
42 26 0.00001 
42 27 0.00001 
42 28 0.00001 
42 29 0.00000 
42 30 0.00000 
42 31 0.00000 
42 32 0.00000 
42 33 0.00000 
42 34 0.00000 
42 35 0.00000 
42 36 0.00000 
42 37 0.00000 
42 38 0.00000 
42 39 0.00000 
42 40 0.00000 
42 41 0.00000 
42 42 0.00000 
42 43 0.00000 
42 44 0.00000 
42 45 0.00000 
42 46 0.00000 
42 47 0.00000 
42 48 0.00000 
43 1 0.00000 
43 2 0.00000 
43 3 0.00000 
43 4 0.00000 
43 5 0.00000 
43 6 0.00000 
43 7 0.00000 
43 8 0.00000 
43 9 0.00000 
43 10 0.00000 
43 11 0.00000 
43 12 0.00000 
43 13 0.00000 
43 14 0.00000 
43 15 0.00000 
43 16 0.00000 
43 17 0.00000 
43 18 0.00000 
43 19 0.00000 
43 20 0.00000 
43 21 0.00000 
43 22 -0.00001 
43 23 0.00001 
43 24 0.00001 
43 25 0.00001 
43 26 0.00001 
43 27 0.00000 
43 28 0.00000 
43 29 0.00000 
43 30 0.00000 
43 31 0.00000 
43 32 0.00000 
43 33 0.00000 
43 34 0.00000 
43 35 0.00000 
43 36 0.00000 
43 37 0.00000 
43 38 0.00000 
43 39 0.00000 
43 40 0.00000 
43 41 0.00000 
43 42 0.00000 
43 43 0.00000 
43 44 0.00000 
43 45 0.00000 
43 46 0.00000 
43 47 0.00000 
43 48 0.00000 
44 1 0.00000 
44 2 0.00000 
44 3 0.00000 
44 4 0.00000 
44 5 0.00000 
44 6 0.00000 
44 7 0.00000 
44 8 0.00000 
44 9 0.00000 
44 10 0.00000 
44 11 0.00000 
44 12 0.00000 
44 13 0.00000 
44 14 0.00000 
44 15 0.00000 
44 16 0.00000 
44 17 0.00000 
44 18 0.00000 
44 19 0.00000 
44 20 0.00000 
44 21 0.00000 
44 22 0.00000 
44 23 -0.00004 
44 24 0.00001 
44 25 0.00001 
44 26 0.00000 
44 27 0.00000 
44 28 0.00000 
44 29 0.00000 
44 30 0.00000 
44 31 0.00000 
44 32 0.00000 
44 33 0.00000 
44 34 0.00000 
44 35 0.00000 
44 36 0.00000 
44 37 0.00000 
44 38 0.00000 
44 39 0.00000 
44 40 0.00000 
44 41 0.00000 
44 42 0.00000 
44 43 0.00000 
44 44 0.00000 
44 45 0.00000 
44 46 0.00000 
44 47 0.00000 
44 48 0.00000 
45 1 0.00000 
45 2 0.00000 
45 3 0.00000 
45 4 0.00000 
45 5 0.00000 
45 6 0.00000 
45 7 0.00000 
45 8 0.00000 
45 9 0.00000 
45 10 0.00000 
45 11 0.00000 
45 12 0.00000 
45 13 0.00000 
45 14 0.00000 
45 15 0.00000 
45 16 0.00000 
45 17 0.00000 
45 18 0.00000 
45 19 0.00000 
45 20 0.00000 
45 21 0.00000 
45 22 0.00000 
45 23 -0.00001 
45 24 0.00001 
45 25 0.00001 
45 26 0.00000 
45 27 0.00000 
45 28 0.00000 
45 29 0.00000 
45 30 0.00000 
45 31 0.00000 
45 32 0.00000 
45 33 0.00000 
45 34 0.00000 
45 35 0.00000 
45 36 0.00000 
45 37 0.00000 
45 38 0.00000 
45 39 0.00000 
45 40 0.00000 
45 41 0.00000 
45 42 0.00000 
45 43 0.00000 
45 44 0.00000 
45 45 0.00000 
45 46 0.00000 
45 47 0.00000 
45 48 0.00000 
46 1 0.00000 
46 2 0.00000 
46 3 0.00000 
46 4 0.00000 
46 5 0.00000 
46 6 0.00000 
46 7 0.00000 
46 8 0.00000 
46 9 0.00000 
46 10 0.00000 
46 11 0.00000 
46 12 0.00000 
46 13 0.00000 
46 14 0.00000 
46 15 0.00000 
46 16 0.00000 
46 17 0.00000 
46 18 0.00000 
46 19 0.00000 
46 20 0.00000 
46 21 0.00000 
46 22 0.00000 
46 23 0.00000 
46 24 -0.00002 
46 25 0.00001 
46 26 0.00000 
46 27 0.00000 
46 28 0.00000 
46 29 0.00000 
46 30 0.00000 
46 31 0.00000 
46 32 0.00000 
46 33 0.00000 
46 34 0.00000 
46 35 0.00000 
46 36 0.00000 
46 37 0.00000 
46 38 0.00000 
46 39 0.00000 
46 40 0.00000 
46 41 0.00000 
46 42 0.00000 
46 43 0.00000 
46 44 0.00000 
46 45 0.00000 
46 46 0.00000 
46 47 0.00000 
46 48 0.00000 
47 1 0.00000 
47 2 0.00000 
47 3 0.00000 
47 4 0.00000 
47 5 0.00000 
47 6 0.00000 
47 7 0.00000 
47 8 0.00000 
47 9 0.00000 
47 10 0.00000 
47 11 0.00000 
47 12 0.00000 
47 13 0.00000 
47 14 0.00000 
47 15 0.00000 
47 16 0.00000 
47 17 0.00000 
47 18 0.00000 
47 19 0.00000 
47 20 0.00000 
47 21 0.00000 
47 22 0.00000 
47 23 0.00000 
47 24 -0.00001 
47 25 0.00001 
47 26 0.00000 
47 27 0.00000 
47 28 0.00000 
47 29 0.00000 
47 30 0.00000 
47 31 0.00000 
47 32 0.00000 
47 33 0.00000 
47 34 0.00000 
47 35 0.00000 
47 36 0.00000 
47 37 0.00000 
47 38 0.00000 
47 39 0.00000 
47 40 0.00000 
47 41 0.00000 
47 42 0.00000 
47 43 0.00000 
47 44 0.00000 
47 45 0.00000 
47 46 0.00000 
47 47 0.00000 
47 48 0.00000 
48 1 0.00000 
48 2 0.00000 
48 3 0.00000 
48 4 0.00000 
48 5 0.00000 
48 6 0.00000 
48 7 0.00000 
48 8 0.00000 
48 9 0.00000 
48 10 0.00000 
48 11 0.00000 
48 12 0.00000 
48 13 0.00000 
48 14 0.00000 
48 15 0.00000 
48 16 0.00000 
48 17 0.00000 
48 18 0.00000 
48 19 0.00000 
48 20 0.00000 
48 21 0.00000 
48 22 0.00000 
48 23 0.00000 
48 24 0.00000 
48 25 -0.00001 
48 26 0.00000 
48 27 0.00000 
48 28 0.00000 
48 29 0.00000 
48 30 0.00000 
48 31 0.00000 
48 32 0.00000 
48 33 0.00000 
48 34 0.00000 
48 35 0.00000 
48 36 0.00000 
48 37 0.00000 
48 38 0.00000 
48 39 0.00000 
48 40 0.00000 
48 41 0.00000 
48 42 0.00000 
48 43 0.00000 
48 44 0.00000 
48 45 0.00000 
48 46 0.00000 
48 47 0.00000 
48 48 0.00000 
49 1 0.00000 
49 2 0.00000 
49 3 0.00000 
49 4 0.00000 
49 5 0.00000 
49 6 0.00000 
49 7 0.00000 
49 8 0.00000 
49 9 0.00000 
49 10 0.00000 
49 11 0.00000 
49 12 0.00000 
49 13 0.00000 
49 14 0.00000 
49 15 0.00000 
49 16 0.00000 
49 17 0.00000 
49 18 0.00000 
49 19 0.00000 
49 20 0.00000 
49 21 0.00000 
49 22 0.00000 
49 23 0.00000 
49 24 0.00000 
49 25 0.00000 
49 26 0.00001 
49 27 0.00000 
49 28 0.00000 
49 29 0.00000 
49 30 0.00000 
49 31 0.00000 
49 32 0.00000 
49 33 0.00000 
49 34 0.00000 
49 35 0.00000 
49 36 0.00000 
49 37 0.00000 
49 38 0.00000 
49 39 0.00000 
49 40 0.00000 
49 41 0.00000 
49 42 0.00000 
49 43 0.00000 
49 44 0.00000 
49 45 0.00000 
49 46 0.00000 
49 47 0.00000 
49 48 0.00000 
50 1 0.00000 
50 2 0.00000 
50 3 0.00000 
50 4 0.00000 
50 5 0.00000 
50 6 0.00000 
50 7 0.00000 
50 8 0.00000 
50 9 0.00000 
50 10 0.00000 
50 11 0.00000 
50 12 0.00000 
50 13 0.00000 
50 14 0.00000 
50 15 0.00000 
50 16 0.00000 
50 17 0.00000 
50 18 0.00000 
50 19 0.00000 
50 20 0.00000 
50 21 0.00000 
50 22 0.00000 
50 23 0.00000 
50 24 0.00000 
50 25 0.00000 
50 26 -0.00001 
50 27 0.00000 
50 28 0.00000 
50 29 0.00000 
50 30 0.00000 
50 31 0.00000 
50 32 0.00000 
50 33 0.00000 
50 34 0.00000 
50 35 0.00000 
50 36 0.00000 
50 37 0.00000 
50 38 0.00000 
50 39 0.00000 
50 40 0.00000 
50 41 0.00000 
50 42 0.00000 
50 43 0.00000 
50 44 0.00000 
50 45 0.00000 
50 46 0.00000 
50 47 0.00000 
50 48 0.00000 
51 1 0.00000 
51 2 0.00000 
51 3 0.00000 
51 4 0.00000 
51 5 0.00000 
51 6 0.00000 
51 7 0.00000 
51 8 0.00000 
51 9 0.00000 
51 10 0.00000 
51 11 0.00000 
51 12 0.00000 
51 13 0.00000 
51 14 0.00000 
51 15 0.00000 
51 16 0.00000 
51 17 0.00000 
51 18 0.00000 
51 19 0.00000 
51 20 0.00000 
51 21 0.00000 
51 22 0.00000 
51 23 0.00000 
51 24 0.00000 
51 25 0.00000 
51 26 0.00000 
51 27 0.00001 
51 28 0.00000 
51 29 0.00000 
51 30 0.00000 
51 31 0.00000 
51 32 0.00000 
51 33 0.00000 
51 34 0.00000 
51 35 0.00000 
51 36 0.00000 
51 37 0.00000 
51 38 0.00000 
51 39 0.00000 
51 40 0.00000 
51 41 0.00000 
51 42 0.00000 
51 43 0.00000 
51 44 0.00000 
51 45 0.00000 
51 46 0.00000 
51 47 0.00000 
51 48 0.00000 
52 1 0.00000 
52 2 0.00000 
52 3 0.00000 
52 4 0.00000 
52 5 0.00000 
52 6 0.00000 
52 7 0.00000 
52 8 0.00000 
52 9 0.00000 
52 10 0.00000 
52 11 0.00000 
52 12 0.00000 
52 13 0.00000 
52 14 0.00000 
52 15 0.00000 
52 16 0.00000 
52 17 0.00000 
52 18 0.00000 
52 19 0.00000 
52 20 0.00000 
52 21 0.00000 
52 22 0.00000 
52 23 0.00000 
52 24 0.00000 
52 25 0.00000 
52 26 0.00000 
52 27 -0.00001 
52 28 0.00000 
52 29 0.00000 
52 30 0.00000 
52 31 0.00000 
52 32 0.00000 
52 33 0.00000 
52 34 0.00000 
52 35 0.00000 
52 36 0.00000 
52 37 0.00000 
52 38 0.00000 
52 39 0.00000 
52 40 0.00000 
52 41 0.00000 
52 42 0.00000 
52 43 0.00000 
52 44 0.00000 
52 45 0.00000 
52 46 0.00000 
52 47 0.00000 
52 48 0.00000 
53 1 0.00000 
53 2 0.00000 
53 3 0.00000 
53 4 0.00000 
53 5 0.00000 
53 6 0.00000 
53 7 0.00000 
53 8 0.00000 
53 9 0.00000 
53 10 0.00000 
53 11 0.00000 
53 12 0.00000 
53 13 0.00000 
53 14 0.00000 
53 15 0.00000 
53 16 0.00000 
53 17 0.00000 
53 18 0.00000 
53 19 0.00000 
53 20 0.00000 
53 21 0.00000 
53 22 0.00000 
53 23 0.00000 
53 24 0.00000 
53 25 0.00000 
53 26 0.00000 
53 27 0.00000 
53 28 0.00001 
53 29 0.00000 
53 30 0.00000 
53 31 0.00000 
53 32 0.00000 
53 33 0.00000 
53 34 0.00000 
53 35 0.00000 
53 36 0.00000 
53 37 0.00000 
53 38 0.00000 
53 39 0.00000 
53 40 0.00000 
53 41 0.00000 
53 42 0.00000 
53 43 0.00000 
53 44 0.00000 
53 45 0.00000 
53 46 0.00000 
53 47 0.00000 
53 48 0.00000 
54 1 0.00000 
54 2 0.00000 
54 3 0.00000 
54 4 0.00000 
54 5 0.00000 
54 6 0.00000 
54 7 0.00000 
54 8 0.00000 
54 9 0.00000 
54 10 0.00000 
54 11 0.00000 
54 12 0.00000 
54 13 0.00000 
54 14 0.00000 
54 15 0.00000 
54 16 0.00000 
54 17 0.00000 
54 18 0.00000 
54 19 0.00000 
54 20 0.00000 
54 21 0.00000 
54 22 0.00000 
54 23 0.00000 
54 24 0.00000 
54 25 0.00000 
54 26 0.00000 
54 27 0.00000 
54 28 -0.00001 
54 29 0.00000 
54 30 0.00000 
54 31 0.00000 
54 32 0.00000 
54 33 0.00000 
54 34 0.00000 
54 35 0.00000 
54 36 0.00000 
54 37 0.00000 
54 38 0.00000 
54 39 0.00000 
54 40 0.00000 
54 41 0.00000 
54 42 0.00000 
54 43 0.00000 
54 44 0.00000 
54 45 0.00000 
54 46 0.00000 
54 47 0.00000 
54 48 0.00000 
55 1 0.00000 
55 2 0.00000 
55 3 0.00000 
55 4 0.00000 
55 5 0.00000 
55 6 0.00000 
55 7 0.00000 
55 8 0.00000 
55 9 0.00000 
55 10 0.00000 
55 11 0.00000 
55 12 0.00000 
55 13 0.00000 
55 14 0.00000 
55 15 0.00000 
55 16 0.00000 
55 17 0.00000 
55 18 0.00000 
55 19 0.00000 
55 20 0.00000 
55 21 0.00000 
55 22 0.00000 
55 23 0.00000 
55 24 0.00000 
55 25 0.00000 
55 26 0.00000 
55 27 0.00000 
55 28 0.00000 
55 29 0.00000 
55 30 0.00000 
55 31 0.00000 
55 32 0.00000 
55 33 0.00000 
55 34 0.00000 
55 35 0.00000 
55 36 0.00000 
55 37 0.00000 
55 38 0.00000 
55 39 0.00000 
55 40 0.00000 
55 41 0.00000 
55 42 0.00000 
55 43 0.00000 
55 44 0.00000 
55 45 0.00000 
55 46 0.00000 
55 47 0.00000 
55 48 0.00000 
56 1 0.00000 
56 2 0.00000 
56 3 0.00000 
56 4 0.00000 
56 5 0.00000 
56 6 0.00000 
56 7 0.00000 
56 8 0.00000 
56 9 0.00000 
56 10 0.00000 
56 11 0.00000 
56 12 0.00000 
56 13 0.00000 
56 14 0.00000 
56 15 0.00000 
56 16 0.00000 
56 17 0.00000 
56 18 0.00000 
56 19 0.00000 
56 20 0.00000 
56 21 0.00000 
56 22 0.00000 
56 23 0.00000 
56 24 0.00000 
56 25 0.00000 
56 26 0.00000 
56 27 0.00000 
56 28 0.00000 
56 29 -0.00000 
56 30 0.00000 
56 31 0.00000 
56 32 0.00000 
56 33 0.00000 
56 34 0.00000 
56 35 0.00000 
56 36 0.00000 
56 37 0.00000 
56 38 0.00000 
56 39 0.00000 
56 40 0.00000 
56 41 0.00000 
56 42 0.00000 
56 43 0.00000 
56 44 0.00000 
56 45 0.00000 
56 46 0.00000 
56 47 0.00000 
56 48 0.00000 
57 1 0.00000 
57 2 0.00000 
57 3 0.00000 
57 4 0.00000 
57 5 0.00000 
57 6 0.00000 
57 7 0.00000 
57 8 0.00000 
57 9 0.00000 
57 10 0.00000 
57 11 0.00000 
57 12 0.00000 
57 13 0.00000 
57 14 0.00000 
57 15 0.00000 
57 16 0.00000 
57 17 0.00000 
57 18 0.00000 
57 19 0.00000 
57 20 0.00000 
57 21 0.00000 
57 22 0.00000 
57 23 0.00000 
57 24 0.00000 
57 25 0.00000 
57 26 0.00000 
57 27 0.00000 
57 28 0.00000 
57 29 0.00000 
57 30 0.00000 
57 31 0.00000 
57 32 0.00000 
57 33 0.00000 
57 34 0.00000 
57 35 0.00000 
57 36 0.00000 
57 37 0.00000 
57 38 0.00000 
57 39 0.00000 
57 40 0.00000 
57 41 0.00000 
57 42 0.00000 
57 43 0.00000 
57 44 0.00000 
57 45 0.00000 
57 46 0.00000 
57 47 0.00000 
57 48 0.00000 
58 1 0.00000 
58 2 0.00000 
58 3 0.00000 
58 4 0.00000 
58 5 0.00000 
58 6 0.00000 
58 7 0.00000 
58 8 0.00000 
58 9 0.00000 
58 10 0.00000 
58 11 0.00000 
58 12 0.00000 
58 13 0.00000 
58 14 0.00000 
58 15 0.00000 
58 16 0.00000 
58 17 0.00000 
58 18 0.00000 
58 19 0.00000 
58 20 0.00000 
58 21 0.00000 
58 22 0.00000 
58 23 0.00000 
58 24 0.00000 
58 25 0.00000 
58 26 0.00000 
58 27 0.00000 
58 28 0.00000 
58 29 0.00000 
58 30 -0.00000 
58 31 0.00000 
58 32 0.00000 
58 33 0.00000 
58 34 0.00000 
58 35 0.00000 
58 36 0.00000 
58 37 0.00000 
58 38 0.00000 
58 39 0.00000 
58 40 0.00000 
58 41 0.00000 
58 42 0.00000 
58 43 0.00000 
58 44 0.00000 
58 45 0.00000 
58 46 0.00000 
58 47 0.00000 
58 48 0.00000 
59 1 0.00000 
59 2 0.00000 
59 3 0.00000 
59 4 0.00000 
59 5 0.00000 
59 6 0.00000 
59 7 0.00000 
59 8 0.00000 
59 9 0.00000 
59 10 0.00000 
59 11 0.00000 
59 12 0.00000 
59 13 0.00000 
59 14 0.00000 
59 15 0.00000 
59 16 0.00000 
59 17 0.00000 
59 18 0.00000 
59 19 0.00000 
59 20 0.00000 
59 21 0.00000 
59 22 0.00000 
59 23 0.00000 
59 24 0.00000 
59 25 0.00000 
59 26 0.00000 
59 27 0.00000 
59 28 0.00000 
59 29 0.00000 
59 30 0.00000 
59 31 0.00000 
59 32 0.00000 
59 33 0.00000 
59 34 0.00000 
59 35 0.00000 
59 36 0.00000 
59 37 0.00000 
59 38 0.00000 
59 39 0.00000 
59 40 0.00000 
59 41 0.00000 
59 42 0.00000 
59 43 0.00000 
59 44 0.00000 
59 45 0.00000 
59 46 0.00000 
59 47 0.00000 
59 48 0.00000 
60 1 0.00000 
60 2 0.00000 
60 3 0.00000 
60 4 0.00000 
60 5 0.00000 
60 6 0.00000 
60 7 0.00000 
60 8 0.00000 
60 9 0.00000 
60 10 0.00000 
60 11 0.00000 
60 12 0.00000 
60 13 0.00000 
60 14 0.00000 
60 15 0.00000 
60 16 0.00000 
60 17 0.00000 
60 18 0.00000 
60 19 0.00000 
60 20 0.00000 
60 21 0.00000 
60 22 0.00000 
60 23 0.00000 
60 24 0.00000 
60 25 0.00000 
60 26 0.00000 
60 27 0.00000 
60 28 0.00000 
60 29 0.00000 
60 30 0.00000 
60 31 -0.00000 
60 32 0.00000 
60 33 0.00000 
60 34 0.00000 
60 35 0.00000 
60 36 0.00000 
60 37 0.00000 
60 38 0.00000 
60 39 0.00000 
60 40 0.00000 
60 41 0.00000 
60 42 0.00000 
60 43 0.00000 
60 44 0.00000 
60 45 0.00000 
60 46 0.00000 
60 47 0.00000 
60 48 0.00000 
61 1 0.00000 
61 2 0.00000 
61 3 0.00000 
61 4 0.00000 
61 5 0.00000 
61 6 0.00000 
61 7 0.00000 
61 8 0.00000 
61 9 0.00000 
61 10 0.00000 
61 11 0.00000 
61 12 0.00000 
61 13 0.00000 
61 14 0.00000 
61 15 0.00000 
61 16 0.00000 
61 17 0.00000 
61 18 0.00000 
61 19 0.00000 
61 20 0.00000 
61 21 0.00000 
61 22 0.00000 
61 23 0.00000 
61 24 0.00000 
61 25 0.00000 
61 26 0.00000 
61 27 0.00000 
61 28 0.00000 
61 29 0.00000 
61 30 0.00000 
61 31 0.00000 
61 32 0.00000 
61 33 0.00000 
61 34 0.00000 
61 35 0.00000 
61 36 0.00000 
61 37 0.00000 
61 38 0.00000 
61 39 0.00000 
61 40 0.00000 
61 41 0.00000 
61 42 0.00000 
61 43 0.00000 
61 44 0.00000 
61 45 0.00000 
61 46 0.00000 
61 47 0.00000 
61 48 0.00000 
62 1 0.00000 
62 2 0.00000 
62 3 0.00000 
62 4 0.00000 
62 5 0.00000 
62 6 0.00000 
62 7 0.00000 
62 8 0.00000 
62 9 0.00000 
62 10 0.00000 
62 11 0.00000 
62 12 0.00000 
62 13 0.00000 
62 14 0.00000 
62 15 0.00000 
62 16 0.00000 
62 17 0.00000 
62 18 0.00000 
62 19 0.00000 
62 20 0.00000 
62 21 0.00000 
62 22 0.00000 
62 23 0.00000 
62 24 0.00000 
62 25 0.00000 
62 26 0.00000 
62 27 0.00000 
62 28 0.00000 
62 29 0.00000 
62 30 0.00000 
62 31 0.00000 
62 32 -0.00000 
62 33 0.00000 
62 34 0.00000 
62 35 0.00000 
62 36 0.00000 
62 37 0.00000 
62 38 0.00000 
62 39 0.00000 
62 40 0.00000 
62 41 0.00000 
62 42 0.00000 
62 43 0.00000 
62 44 0.00000 
62 45 0.00000 
62 46 0.00000 
62 47 0.00000 
62 48 0.00000 
63 1 0.00000 
63 2 0.00000 
63 3 0.00000 
63 4 0.00000 
63 5 0.00000 
63 6 0.00000 
63 7 0.00000 
63 8 0.00000 
63 9 0.00000 
63 10 0.00000 
63 11 0.00000 
63 12 0.00000 
63 13 0.00000 
63 14 0.00000 
63 15 0.00000 
63 16 0.00000 
63 17 0.00000 
63 18 0.00000 
63 19 0.00000 
63 20 0.00000 
63 21 0.00000 
63 22 0.00000 
63 23 0.00000 
63 24 0.00000 
63 25 0.00000 
63 26 0.00000 
63 27 0.00000 
63 28 0.00000 
63 29 0.00000 
63 30 0.00000 
63 31 0.00000 
63 32 0.00000 
63 33 0.00000 
63 34 0.00000 
63 35 0.00000 
63 36 0.00000 
63 37 0.00000 
63 38 0.00000 
63 39 0.00000 
63 40 0.00000 
63 41 0.00000 
63 42 0.00000 
63 43 0.00000 
63 44 0.00000 
63 45 0.00000 
63 46 0.00000 
63 47 0.00000 
63 48 0.00000 
64 1 0.00000 
64 2 0.00000 
64 3 0.00000 
64 4 0.00000 
64 5 0.00000 
64 6 0.00000 
64 7 0.00000 
64 8 0.00000 
64 9 0.00000 
64 10 0.00000 
64 11 0.00000 
64 12 0.00000 
64 13 0.00000 
64 14 0.00000 
64 15 0.00000 
64 16 0.00000 
64 17 0.00000 
64 18 0.00000 
64 19 0.00000 
64 20 0.00000 
64 21 0.00000 
64 22 0.00000 
64 23 0.00000 
64 24 0.00000 
64 25 0.00000 
64 26 0.00000 
64 27 0.00000 
64 28 0.00000 
64 29 0.00000 
64 30 0.00000 
64 31 0.00000 
64 32 0.00000 
64 33 -0.00000 
64 34 0.00000 
64 35 0.00000 
64 36 0.00000 
64 37 0.00000 
64 38 0.00000 
64 39 0.00000 
64 40 0.00000 
64 41 0.00000 
64 42 0.00000 
64 43 0.00000 
64 44 0.00000 
64 45 0.00000 
64 46 0.00000 
64 47 0.00000 
64 48 0.00000 
65 1 0.00000 
65 2 0.00000 
65 3 0.00000 
65 4 0.00000 
65 5 0.00000 
65 6 0.00000 
65 7 0.00000 
65 8 0.00000 
65 9 0.00000 
65 10 0.00000 
65 11 0.00000 
65 12 0.00000 
65 13 0.00000 
65 14 0.00000 
65 15 0.00000 
65 16 0.00000 
65 17 0.00000 
65 18 0.00000 
65 19 0.00000 
65 20 0.00000 
65 21 0.00000 
65 22 0.00000 
65 23 0.00000 
65 24 0.00000 
65 25 0.00000 
65 26 0.00000 
65 27 0.00000 
65 28 0.00000 
65 29 0.00000 
65 30 0.00000 
65 31 0.00000 
65 32 0.00000 
65 33 0.00000 
65 34 0.00000 
65 35 0.00000 
65 36 0.00000 
65 37 0.00000 
65 38 0.00000 
65 39 0.00000 
65 40 0.00000 
65 41 0.00000 
65 42 0.00000 
65 43 0.00000 
65 44 0.00000 
65 45 0.00000 
65 46 0.00000 
65 47 0.00000 
65 48 0.00000 
66 1 0.00000 
66 2 0.00000 
66 3 0.00000 
66 4 0.00000 
66 5 0.00000 
66 6 0.00000 
66 7 0.00000 
66 8 0.00000 
66 9 0.00000 
66 10 0.00000 
66 11 0.00000 
66 12 0.00000 
66 13 0.00000 
66 14 0.00000 
66 15 0.00000 
66 16 0.00000 
66 17 0.00000 
66 18 0.00000 
66 19 0.00000 
66 20 0.00000 
66 21 0.00000 
66 22 0.00000 
66 23 0.00000 
66 24 0.00000 
66 25 0.00000 
66 26 0.00000 
66 27 0.00000 
66 28 0.00000 
66 29 0.00000 
66 30 0.00000 
66 31 0.00000 
66 32 0.00000 
66 33 0.00000 
66 34 -0.00000 
66 35 0.00000 
66 36 0.00000 
66 37 0.00000 
66 38 0.00000 
66 39 0.00000 
66 40 0.00000 
66 41 0.00000 
66 42 0.00000 
66 43 0.00000 
66 44 0.00000 
66 45 0.00000 
66 46 0.00000 
66 47 0.00000 
66 48 0.00000 
67 1 0.00000 
67 2 0.00000 
67 3 0.00000 
67 4 0.00000 
67 5 0.00000 
67 6 0.00000 
67 7 0.00000 
67 8 0.00000 
67 9 0.00000 
67 10 0.00000 
67 11 0.00000 
67 12 0.00000 
67 13 0.00000 
67 14 0.00000 
67 15 0.00000 
67 16 0.00000 
67 17 0.00000 
67 18 0.00000 
67 19 0.00000 
67 20 0.00000 
67 21 0.00000 
67 22 0.00000 
67 23 0.00000 
67 24 0.00000 
67 25 0.00000 
67 26 0.00000 
67 27 0.00000 
67 28 0.00000 
67 29 0.00000 
67 30 0.00000 
67 31 0.00000 
67 32 0.00000 
67 33 0.00000 
67 34 0.00000 
67 35 0.00000 
67 36 0.00000 
67 37 0.00000 
67 38 0.00000 
67 39 0.00000 
67 40 0.00000 
67 41 0.00000 
67 42 0.00000 
67 43 0.00000 
67 44 0.00000 
67 45 0.00000 
67 46 0.00000 
67 47 0.00000 
67 48 0.00000 
68 1 0.00000 
68 2 0.00000 
68 3 0.00000 
68 4 0.00000 
68 5 0.00000 
68 6 0.00000 
68 7 0.00000 
68 8 0.00000 
68 9 0.00000 
68 10 0.00000 
68 11 0.00000 
68 12 0.00000 
68 13 0.00000 
68 14 0.00000 
68 15 0.00000 
68 16 0.00000 
68 17 0.00000 
68 18 0.00000 
68 19 0.00000 
68 20 0.00000 
68 21 0.00000 
68 22 0.00000 
68 23 0.00000 
68 24 0.00000 
68 25 0.00000 
68 26 0.00000 
68 27 0.00000 
68 28 0.00000 
68 29 0.00000 
68 30 0.00000 
68 31 0.00000 
68 32 0.00000 
68 33 0.00000 
68 34 0.00000 
68 35 -0.00000 
68 36 0.00000 
68 37 0.00000 
68 38 0.00000 
68 39 0.00000 
68 40 0.00000 
68 41 0.00000 
68 42 0.00000 
68 43 0.00000 
68 44 0.00000 
68 45 0.00000 
68 46 0.00000 
68 47 0.00000 
68 48 0.00000 
69 1 0.00000 
69 2 0.00000 
69 3 0.00000 
69 4 0.00000 
69 5 0.00000 
69 6 0.00000 
69 7 0.00000 
69 8 0.00000 
69 9 0.00000 
69 10 0.00000 
69 11 0.00000 
69 12 0.00000 
69 13 0.00000 
69 14 0.00000 
69 15 0.00000 
69 16 0.00000 
69 17 0.00000 
69 18 0.00000 
69 19 0.00000 
69 20 0.00000 
69 21 0.00000 
69 22 0.00000 
69 23 0.00000 
69 24 0.00000 
69 25 0.00000 
69 26 0.00000 
69 27 0.00000 
69 28 0.00000 
69 29 0.00000 
69 30 0.00000 
69 31 0.00000 
69 32 0.00000 
69 33 0.00000 
69 34 0.00000 
69 35 0.00000 
69 36 0.00000 
69 37 0.00000 
69 38 0.00000 
69 39 0.00000 
69 40 0.00000 
69 41 0.00000 
69 42 0.00000 
69 43 0.00000 
69 44 0.00000 
69 45 0.00000 
69 46 0.00000 
69 47 0.00000 
69 48 0.00000 
70 1 0.00000 
70 2 0.00000 
70 3 0.00000 
70 4 0.00000 
70 5 0.00000 
70 6 0.00000 
70 7 0.00000 
70 8 0.00000 
70 9 0.00000 
70 10 0.00000 
70 11 0.00000 
70 12 0.00000 
70 13 0.00000 
70 14 0.00000 
70 15 0.00000 
70 16 0.00000 
70 17 0.00000 
70 18 0.00000 
70 19 0.00000 
70 20 0.00000 
70 21 0.00000 
70 22 0.00000 
70 23 0.00000 
70 24 0.00000 
70 25 0.00000 
70 26 0.00000 
70 27 0.00000 
70 28 0.00000 
70 29 0.00000 
70 30 0.00000 
70 31 0.00000 
70 32 0.00000 
70 33 0.00000 
70 34 0.00000 
70 35 0.00000 
70 36 -0.00000 
70 37 0.00000 
70 38 0.00000 
70 39 0.00000 
70 40 0.00000 
70 41 0.00000 
70 42 0.00000 
70 43 0.00000 
70 44 0.00000 
70 45 0.00000 
70 46 0.00000 
70 47 0.00000 
70 48 0.00000 
71 1 0.00000 
71 2 0.00000 
71 3 0.00000 
71 4 0.00000 
71 5 0.00000 
71 6 0.00000 
71 7 0.00000 
71 8 0.00000 
71 9 0.00000 
71 10 0.00000 
71 11 0.00000 
71 12 0.00000 
71 13 0.00000 
71 14 0.00000 
71 15 0.00000 
71 16 0.00000 
71 17 0.00000 
71 18 0.00000 
71 19 0.00000 
71 20 0.00000 
71 21 0.00000 
71 22 0.00000 
71 23 0.00000 
71 24 0.00000 
71 25 0.00000 
71 26 0.00000 
71 27 0.00000 
71 28 0.00000 
71 29 0.00000 
71 30 0.00000 
71 31 0.00000 
71 32 0.00000 
71 33 0.00000 
71 34 0.00000 
71 35 0.00000 
71 36 0.00000 
71 37 0.00000 
71 38 0.00000 
71 39 0.00000 
71 40 0.00000 
71 41 0.00000 
71 42 0.00000 
71 43 0.00000 
71 44 0.00000 
71 45 0.00000 
71 46 0.00000 
71 47 0.00000 
71 48 0.00000 
72 1 0.00000 
72 2 0.00000 
72 3 0.00000 
72 4 0.00000 
72 5 0.00000 
72 6 0.00000 
72 7 0.00000 
72 8 0.00000 
72 9 0.00000 
72 10 0.00000 
72 11 0.00000 
72 12 0.00000 
72 13 0.00000 
72 14 0.00000 
72 15 0.00000 
72 16 0.00000 
72 17 0.00000 
72 18 0.00000 
72 19 0.00000 
72 20 0.00000 
72 21 0.00000 
72 22 0.00000 
72 23 0.00000 
72 24 0.00000 
72 25 0.00000 
72 26 0.00000 
72 27 0.00000 
72 28 0.00000 
72 29 0.00000 
72 30 0.00000 
72 31 0.00000 
72 32 0.00000 
72 33 0.00000 
72 34 0.00000 
72 35 0.00000 
72 36 0.00000 
72 37 -0.00000 
72 38 0.00000 
72 39 0.00000 
72 40 0.00000 
72 41 0.00000 
72 42 0.00000 
72 43 0.00000 
72 44 0.00000 
72 45 0.00000 
72 46 0.00000 
72 47 0.00000 
72 48 0.00000 
73 1 0.00000 
73 2 0.00000 
73 3 0.00000 
73 4 0.00000 
73 5 0.00000 
73 6 0.00000 
73 7 0.00000 
73 8 0.00000 
73 9 0.00000 
73 10 0.00000 
73 11 0.00000 
73 12 0.00000 
73 13 0.00000 
73 14 0.00000 
73 15 0.00000 
73 16 0.00000 
73 17 0.00000 
73 18 0.00000 
73 19 0.00000 
73 20 0.00000 
73 21 0.00000 
73 22 0.00000 
73 23 0.00000 
73 24 0.00000 
73 25 0.00000 
73 26 0.00000 
73 27 0.00000 
73 28 0.00000 
73 29 0.00000 
73 30 0.00000 
73 31 0.00000 
73 32 0.00000 
73 33 0.00000 
73 34 0.00000 
73 35 0.00000 
73 36 0.00000 
73 37 0.00000 
73 38 0.00000 
73 39 0.00000 
73 40 0.00000 
73 41 0.00000 
73 42 0.00000 
73 43 0.00000 
73 44 0.00000 
73 45 0.00000 
73 46 0.00000 
73 47 0.00000 
73 48 0.00000 
74 1 0.00000 
74 2 0.00000 
74 3 0.00000 
74 4 0.00000 
74 5 0.00000 
74 6 0.00000 
74 7 0.00000 
74 8 0.00000 
74 9 0.00000 
74 10 0.00000 
74 11 0.00000 
74 12 0.00000 
74 13 0.00000 
74 14 0.00000 
74 15 0.00000 
74 16 0.00000 
74 17 0.00000 
74 18 0.00000 
74 19 0.00000 
74 20 0.00000 
74 21 0.00000 
74 22 0.00000 
74 23 0.00000 
74 24 0.00000 
74 25 0.00000 
74 26 0.00000 
74 27 0.00000 
74 28 0.00000 
74 29 0.00000 
74 30 0.00000 
74 31 0.00000 
74 32 0.00000 
74 33 0.00000 
74 34 0.00000 
74 35 0.00000 
74 36 0.00000 
74 37 0.00000 
74 38 -0.00000 
74 39 0.00000 
74 40 0.00000 
74 41 0.00000 
74 42 0.00000 
74 43 0.00000 
74 44 0.00000 
74 45 0.00000 
74 46 0.00000 
74 47 0.00000 
74 48 0.00000 
75 1 0.00000 
75 2 0.00000 
75 3 0.00000 
75 4 0.00000 
75 5 0.00000 
75 6 0.00000 
75 7 0.00000 
75 8 0.00000 
75 9 0.00000 
75 10 0.00000 
75 11 0.00000 
75 12 0.00000 
75 13 0.00000 
75 14 0.00000 
75 15 0.00000 
75 16 0.00000 
75 17 0.00000 
75 18 0.00000 
75 19 0.00000 
75 20 0.00000 
75 21 0.00000 
75 22 0.00000 
75 23 0.00000 
75 24 0.00000 
75 25 0.00000 
75 26 0.00000 
75 27 0.00000 
75 28 0.00000 
75 29 0.00000 
75 30 0.00000 
75 31 0.00000 
75 32 0.00000 
75 33 0.00000 
75 34 0.00000 
75 35 0.00000 
75 36 0.00000 
75 37 0.00000 
75 38 0.00000 
75 39 0.00000 
75 40 0.00000 
75 41 0.00000 
75 42 0.00000 
75 43 0.00000 
75 44 0.00000 
75 45 0.00000 
75 46 0.00000 
75 47 0.00000 
75 48 0.00000 
76 1 0.00000 
76 2 0.00000 
76 3 0.00000 
76 4 0.00000 
76 5 0.00000 
76 6 0.00000 
76 7 0.00000 
76 8 0.00000 
76 9 0.00000 
76 10 0.00000 
76 11 0.00000 
76 12 0.00000 
76 13 0.00000 
76 14 0.00000 
76 15 0.00000 
76 16 0.00000 
76 17 0.00000 
76 18 0.00000 
76 19 0.00000 
76 20 0.00000 
76 21 0.00000 
76 22 0.00000 
76 23 0.00000 
76 24 0.00000 
76 25 0.00000 
76 26 0.00000 
76 27 0.00000 
76 28 0.00000 
76 29 0.00000 
76 30 0.00000 
76 31 0.00000 
76 32 0.00000 
76 33 0.00000 
76 34 0.00000 
76 35 0.00000 
76 36 0.00000 
76 37 0.00000 
76 38 0.00000 
76 39 -0.00000 
76 40 0.00000 
76 41 0.00000 
76 42 0.00000 
76 43 0.00000 
76 44 0.00000 
76 45 0.00000 
76 46 0.00000 
76 47 0.00000 
76 48 0.00000 
77 1 0.00000 
77 2 0.00000 
77 3 0.00000 
77 4 0.00000 
77 5 0.00000 
77 6 0.00000 
77 7 0.00000 
77 8 0.00000 
77 9 0.00000 
77 10 0.00000 
77 11 0.00000 
77 12 0.00000 
77 13 0.00000 
77 14 0.00000 
77 15 0.00000 
77 16 0.00000 
77 17 0.00000 
77 18 0.00000 
77 19 0.00000 
77 20 0.00000 
77 21 0.00000 
77 22 0.00000 
77 23 0.00000 
77 24 0.00000 
77 25 0.00000 
77 26 0.00000 
77 27 0.00000 
77 28 0.00000 
77 29 0.00000 
77 30 0.00000 
77 31 0.00000 
77 32 0.00000 
77 33 0.00000 
77 34 0.00000 
77 35 0.00000 
77 36 0.00000 
77 37 0.00000 
77 38 0.00000 
77 39 0.00000 
77 40 0.00003 
77 41 0.00000 
77 42 0.00000 
77 43 0.00000 
77 44 0.00000 
77 45 0.00000 
77 46 0.00000 
77 47 0.00000 
77 48 0.00000 
78 1 0.00000 
78 2 0.00000 
78 3 0.00000 
78 4 0.00000 
78 5 0.00000 
78 6 0.00000 
78 7 0.00000 
78 8 0.00000 
78 9 0.00000 
78 10 0.00000 
78 11 0.00000 
78 12 0.00000 
78 13 0.00000 
78 14 0.00000 
78 15 0.00000 
78 16 0.00000 
78 17 0.00000 
78 18 0.00000 
78 19 0.00000 
78 20 0.00000 
78 21 0.00000 
78 22 0.00000 
78 23 0.00000 
78 24 0.00000 
78 25 0.00000 
78 26 0.00000 
78 27 0.00000 
78 28 0.00000 
78 29 0.00000 
78 30 0.00000 
78 31 0.00000 
78 32 0.00000 
78 33 0.00000 
78 34 0.00000 
78 35 0.00000 
78 36 0.00000 
78 37 0.00000 
78 38 0.00000 
78 39 0.00000 
78 40 0.00000 
78 41 0.00000 
78 42 0.00000 
78 43 0.00000 
78 44 0.00000 
78 45 0.00000 
78 46 0.00000 
78 47 0.00000 
78 48 0.00000 
79 1 0.00000 
79 2 0.00000 
79 3 0.00000 
79 4 0.00000 
79 5 0.00000 
79 6 0.00000 
79 7 0.00000 
79 8 0.00000 
79 9 0.00000 
79 10 0.00000 
79 11 0.00000 
79 12 0.00000 
79 13 0.00000 
79 14 0.00000 
79 15 0.00000 
79 16 0.00000 
79 17 0.00000 
79 18 0.00000 
79 19 0.00000 
79 20 0.00000 
79 21 0.00000 
79 22 0.00000 
79 23 0.00000 
79 24 0.00000 
79 25 0.00000 
79 26 0.00000 
79 27 0.00000 
79 28 0.00000 
79 29 0.00000 
79 30 0.00000 
79 31 0.00000 
79 32 0.00000 
79 33 0.00000 
79 34 0.00000 
79 35 0.00000 
79 36 0.00000 
79 37 0.00000 
79 38 0.00000 
79 39 0.00000 
79 40 0.00000 
79 41 -0.00000 
79 42 0.00000 
79 43 0.00000 
79 44 0.00000 
79 45 0.00000 
79 46 0.00000 
79 47 0.00000 
79 48 0.00000 
80 1 0.00000 
80 2 0.00000 
80 3 0.00000 
80 4 0.00000 
80 5 0.00000 
80 6 0.00000 
80 7 0.00000 
80 8 0.00000 
80 9 0.00000 
80 10 0.00000 
80 11 0.00000 
80 12 0.00000 
80 13 0.00000 
80 14 0.00000 
80 15 0.00000 
80 16 0.00000 
80 17 0.00000 
80 18 0.00000 
80 19 0.00000 
80 20 0.00000 
80 21 0.00000 
80 22 0.00000 
80 23 0.00000 
80 24 0.00000 
80 25 0.00000 
80 26 0.00000 
80 27 0.00000 
80 28 0.00000 
80 29 0.00000 
80 30 0.00000 
80 31 0.00000 
80 32 0.00000 
80 33 0.00000 
80 34 0.00000 
80 35 0.00000 
80 36 0.00000 
80 37 0.00000 
80 38 0.00000 
80 39 0.00000 
80 40 0.00000 
80 41 0.00000 
80 42 0.00000 
80 43 0.00000 
80 44 0.00000 
80 45 0.00000 
80 46 0.00000 
80 47 0.00000 
80 48 0.00000 
81 1 0.00000 
81 2 0.00000 
81 3 0.00000 
81 4 0.00000 
81 5 0.00000 
81 6 0.00000 
81 7 0.00000 
81 8 0.00000 
81 9 0.00000 
81 10 0.00000 
81 11 0.00000 
81 12 0.00000 
81 13 0.00000 
81 14 0.00000 
81 15 0.00000 
81 16 0.00000 
81 17 0.00000 
81 18 0.00000 
81 19 0.00000 
81 20 0.00000 
81 21 0.00000 
81 22 0.00000 
81 23 0.00000 
81 24 0.00000 
81 25 0.00000 
81 26 0.00000 
81 27 0.00000 
81 28 0.00000 
81 29 0.00000 
81 30 0.00000 
81 31 0.00000 
81 32 0.00000 
81 33 0.00000 
81 34 0.00000 
81 35 0.00000 
81 36 0.00000 
81 37 0.00000 
81 38 0.00000 
81 39 0.00000 
81 40 0.00000 
81 41 0.00000 
81 42 -0.00000 
81 43 0.00000 
81 44 0.00000 
81 45 0.00000 
81 46 0.00000 
81 47 0.00000 
81 48 0.00000 
82 1 0.00000 
82 2 0.00000 
82 3 0.00000 
82 4 0.00000 
82 5 0.00000 
82 6 0.00000 
82 7 0.00000 
82 8 0.00000 
82 9 0.00000 
82 10 0.00000 
82 11 0.00000 
82 12 0.00000 
82 13 0.00000 
82 14 0.00000 
82 15 0.00000 
82 16 0.00000 
82 17 0.00000 
82 18 0.00000 
82 19 0.00000 
82 20 0.00000 
82 21 0.00000 
82 22 0.00000 
82 23 0.00000 
82 24 0.00000 
82 25 0.00000 
82 26 0.00000 
82 27 0.00000 
82 28 0.00000 
82 29 0.00000 
82 30 0.00000 
82 31 0.00000 
82 32 0.00000 
82 33 0.00000 
82 34 0.00000 
82 35 0.00000 
82 36 0.00000 
82 37 0.00000 
82 38 0.00000 
82 39 0.00000 
82 40 0.00000 
82 41 0.00000 
82 42 0.00000 
82 43 0.00000 
82 44 0.00000 
82 45 0.00000 
82 46 0.00000 
82 47 0.00000 
82 48 0.00000 
83 1 0.00000 
83 2 0.00000 
83 3 0.00000 
83 4 0.00000 
83 5 0.00000 
83 6 0.00000 
83 7 0.00000 
83 8 0.00000 
83 9 0.00000 
83 10 0.00000 
83 11 0.00000 
83 12 0.00000 
83 13 0.00000 
83 14 0.00000 
83 15 0.00000 
83 16 0.00000 
83 17 0.00000 
83 18 0.00000 
83 19 0.00000 
83 20 0.00000 
83 21 0.00000 
83 22 0.00000 
83 23 0.00000 
83 24 0.00000 
83 25 0.00000 
83 26 0.00000 
83 27 0.00000 
83 28 0.00000 
83 29 0.00000 
83 30 0.00000 
83 31 0.00000 
83 32 0.00000 
83 33 0.00000 
83 34 0.00000 
83 35 0.00000 
83 36 0.00000 
83 37 0.00000 
83 38 0.00000 
83 39 0.00000 
83 40 0.00000 
83 41 0.00000 
83 42 0.00000 
83 43 -0.00000 
83 44 0.00000 
83 45 0.00000 
83 46 0.00000 
83 47 0.00000 
83 48 0.00000 
84 1 0.00000 
84 2 0.00000 
84 3 0.00000 
84 4 0.00000 
84 5 0.00000 
84 6 0.00000 
84 7 0.00000 
84 8 0.00000 
84 9 0.00000 
84 10 0.00000 
84 11 0.00000 
84 12 0.00000 
84 13 0.00000 
84 14 0.00000 
84 15 0.00000 
84 16 0.00000 
84 17 0.00000 
84 18 0.00000 
84 19 0.00000 
84 20 0.00000 
84 21 0.00000 
84 22 0.00000 
84 23 0.00000 
84 24 0.00000 
84 25 0.00000 
84 26 0.00000 
84 27 0.00000 
84 28 0.00000 
84 29 0.00000 
84 30 0.00000 
84 31 0.00000 
84 32 0.00000 
84 33 0.00000 
84 34 0.00000 
84 35 0.00000 
84 36 0.00000 
84 37 0.00000 
84 38 0.00000 
84 39 0.00000 
84 40 0.00000 
84 41 0.00000 
84 42 0.00000 
84 43 0.00000 
84 44 0.00000 
84 45 0.00000 
84 46 0.00000 
84 47 0.00000 
84 48 0.00000 
85 1 0.00000 
85 2 0.00000 
85 3 0.00000 
85 4 0.00000 
85 5 0.00000 
85 6 0.00000 
85 7 0.00000 
85 8 0.00000 
85 9 0.00000 
85 10 0.00000 
85 11 0.00000 
85 12 0.00000 
85 13 0.00000 
85 14 0.00000 
85 15 0.00000 
85 16 0.00000 
85 17 0.00000 
85 18 0.00000 
85 19 0.00000 
85 20 0.00000 
85 21 0.00000 
85 22 0.00000 
85 23 0.00000 
85 24 0.00000 
85 25 0.00000 
85 26 0.00000 
85 27 0.00000 
85 28 0.00000 
85 29 0.00000 
85 30 0.00000 
85 31 0.00000 
85 32 0.00000 
85 33 0.00000 
85 34 0.00000 
85 35 0.00000 
85 36 0.00000 
85 37 0.00000 
85 38 0.00000 
85 39 0.00000 
85 40 0.00000 
85 41 0.00000 
85 42 0.00000 
85 43 0.00000 
85 44 -0.00000 
85 45 0.00000 
85 46 0.00000 
85 47 0.00000 
85 48 0.00000 
86 1 0.00000 
86 2 0.00000 
86 3 0.00000 
86 4 0.00000 
86 5 0.00000 
86 6 0.00000 
86 7 0.00000 
86 8 0.00000 
86 9 0.00000 
86 10 0.00000 
86 11 0.00000 
86 12 0.00000 
86 13 0.00000 
86 14 0.00000 
86 15 0.00000 
86 16 0.00000 
86 17 0.00000 
86 18 0.00000 
86 19 0.00000 
86 20 0.00000 
86 21 0.00000 
86 22 0.00000 
86 23 0.00000 
86 24 0.00000 
86 25 0.00000 
86 26 0.00000 
86 27 0.00000 
86 28 0.00000 
86 29 0.00000 
86 30 0.00000 
86 31 0.00000 
86 32 0.00000 
86 33 0.00000 
86 34 0.00000 
86 35 0.00000 
86 36 0.00000 
86 37 0.00000 
86 38 0.00000 
86 39 0.00000 
86 40 0.00000 
86 41 0.00000 
86 42 0.00000 
86 43 0.00000 
86 44 0.00000 
86 45 0.00000 
86 46 0.00000 
86 47 0.00000 
86 48 0.00000 
87 1 0.00000 
87 2 0.00000 
87 3 0.00000 
87 4 0.00000 
87 5 0.00000 
87 6 0.00000 
87 7 0.00000 
87 8 0.00000 
87 9 0.00000 
87 10 0.00000 
87 11 0.00000 
87 12 0.00000 
87 13 0.00000 
87 14 0.00000 
87 15 0.00000 
87 16 0.00000 
87 17 0.00000 
87 18 0.00000 
87 19 0.00000 
87 20 0.00000 
87 21 0.00000 
87 22 0.00000 
87 23 0.00000 
87 24 0.00000 
87 25 0.00000 
87 26 0.00000 
87 27 0.00000 
87 28 0.00000 
87 29 0.00000 
87 30 0.00000 
87 31 0.00000 
87 32 0.00000 
87 33 0.00000 
87 34 0.00000 
87 35 0.00000 
87 36 0.00000 
87 37 0.00000 
87 38 0.00000 
87 39 0.00000 
87 40 0.00000 
87 41 0.00000 
87 42 0.00000 
87 43 0.00000 
87 44 0.00000 
87 45 -0.00000 
87 46 0.00000 
87 47 0.00000 
87 48 0.00000 
88 1 0.00000 
88 2 0.00000 
88 3 0.00000 
88 4 0.00000 
88 5 0.00000 
88 6 0.00000 
88 7 0.00000 
88 8 0.00000 
88 9 0.00000 
88 10 0.00000 
88 11 0.00000 
88 12 0.00000 
88 13 0.00000 
88 14 0.00000 
88 15 0.00000 
88 16 0.00000 
88 17 0.00000 
88 18 0.00000 
88 19 0.00000 
88 20 0.00000 
88 21 0.00000 
88 22 0.00000 
88 23 0.00000 
88 24 0.00000 
88 25 0.00000 
88 26 0.00000 
88 27 0.00000 
88 28 0.00000 
88 29 0.00000 
88 30 0.00000 
88 31 0.00000 
88 32 0.00000 
88 33 0.00000 
88 34 0.00000 
88 35 0.00000 
88 36 0.00000 
88 37 0.00000 
88 38 0.00000 
88 39 0.00000 
88 40 0.00000 
88 41 0.00000 
88 42 0.00000 
88 43 0.00000 
88 44 0.00000 
88 45 0.00000 
88 46 0.00000 
88 47 0.00000 
88 48 0.00000 
89 1 0.00000 
89 2 0.00000 
89 3 0.00000 
89 4 0.00000 
89 5 0.00000 
89 6 0.00000 
89 7 0.00000 
89 8 0.00000 
89 9 0.00000 
89 10 0.00000 
89 11 0.00000 
89 12 0.00000 
89 13 0.00000 
89 14 0.00000 
89 15 0.00000 
89 16 0.00000 
89 17 0.00000 
89 18 0.00000 
89 19 0.00000 
89 20 0.00000 
89 21 0.00000 
89 22 0.00000 
89 23 0.00000 
89 24 0.00000 
89 25 0.00000 
89 26 0.00000 
89 27 0.00000 
89 28 0.00000 
89 29 0.00000 
89 30 0.00000 
89 31 0.00000 
89 32 0.00000 
89 33 0.00000 
89 34 0.00000 
89 35 0.00000 
89 36 0.00000 
89 37 0.00000 
89 38 0.00000 
89 39 0.00000 
89 40 0.00000 
89 41 0.00000 
89 42 0.00000 
89 43 0.00000 
89 44 0.00000 
89 45 0.00000 
89 46 -0.00000 
89 47 0.00000 
89 48 0.00000 
90 1 0.00000 
90 2 0.00000 
90 3 0.00000 
90 4 0.00000 
90 5 0.00000 
90 6 0.00000 
90 7 0.00000 
90 8 0.00000 
90 9 0.00000 
90 10 0.00000 
90 11 0.00000 
90 12 0.00000 
90 13 0.00000 
90 14 0.00000 
90 15 0.00000 
90 16 0.00000 
90 17 0.00000 
90 18 0.00000 
90 19 0.00000 
90 20 0.00000 
90 21 0.00000 
90 22 0.00000 
90 23 0.00000 
90 24 0.00000 
90 25 0.00000 
90 26 0.00000 
90 27 0.00000 
90 28 0.00000 
90 29 0.00000 
90 30 0.00000 
90 31 0.00000 
90 32 0.00000 
90 33 0.00000 
90 34 0.00000 
90 35 0.00000 
90 36 0.00000 
90 37 0.00000 
90 38 0.00000 
90 39 0.00000 
90 40 0.00000 
90 41 0.00000 
90 42 0.00000 
90 43 0.00000 
90 44 0.00000 
90 45 0.00000 
90 46 0.00000 
90 47 0.00000 
90 48 0.00000 
91 1 0.00000 
91 2 0.00000 
91 3 0.00000 
91 4 0.00000 
91 5 0.00000 
91 6 0.00000 
91 7 0.00000 
91 8 0.00000 
91 9 0.00000 
91 10 0.00000 
91 11 0.00000 
91 12 0.00000 
91 13 0.00000 
91 14 0.00000 
91 15 0.00000 
91 16 0.00000 
91 17 0.00000 
91 18 0.00000 
91 19 0.00000 
91 20 0.00000 
91 21 0.00000 
91 22 0.00000 
91 23 0.00000 
91 24 0.00000 
91 25 0.00000 
91 26 0.00000 
91 27 0.00000 
91 28 0.00000 
91 29 0.00000 
91 30 0.00000 
91 31 0.00000 
91 32 0.00000 
91 33 0.00000 
91 34 0.00000 
91 35 0.00000 
91 36 0.00000 
91 37 0.00000 
91 38 0.00000 
91 39 0.00000 
91 40 0.00000 
91 41 0.00000 
91 42 0.00000 
91 43 0.00000 
91 44 0.00000 
91 45 0.00000 
91 46 0.00000 
91 47 -0.00000 
91 48 0.00000 
92 1 0.00000 
92 2 0.00000 
92 3 0.00000 
92 4 0.00000 
92 5 0.00000 
92 6 0.00000 
92 7 0.00000 
92 8 0.00000 
92 9 0.00000 
92 10 0.00000 
92 11 0.00000 
92 12 0.00000 
92 13 0.00000 
92 14 0.00000 
92 15 0.00000 
92 16 0.00000 
92 17 0.00000 
92 18 0.00000 
92 19 0.00000 
92 20 0.00000 
92 21 0.00000 
92 22 0.00000 
92 23 0.00000 
92 24 0.00000 
92 25 0.00000 
92 26 0.00000 
92 27 0.00000 
92 28 0.00000 
92 29 0.00000 
92 30 0.00000 
92 31 0.00000 
92 32 0.00000 
92 33 0.00000 
92 34 0.00000 
92 35 0.00000 
92 36 0.00000 
92 37 0.00000 
92 38 0.00000 
92 39 0.00000 
92 40 0.00000 
92 41 0.00000 
92 42 0.00000 
92 43 0.00000 
92 44 0.00000 
92 45 0.00000 
92 46 0.00000 
92 47 0.00000 
92 48 0.00000 
93 1 0.00000 
93 2 0.00000 
93 3 0.00000 
93 4 0.00000 
93 5 0.00000 
93 6 0.00000 
93 7 0.00000 
93 8 0.00000 
93 9 0.00000 
93 10 0.00000 
93 11 0.00000 
93 12 0.00000 
93 13 0.00000 
93 14 0.00000 
93 15 0.00000 
93 16 0.00000 
93 17 0.00000 
93 18 0.00000 
93 19 0.00000 
93 20 0.00000 
93 21 0.00000 
93 22 0.00000 
93 23 0.00000 
93 24 0.00000 
93 25 0.00000 
93 26 0.00000 
93 27 0.00000 
93 28 0.00000 
93 29 0.00000 
93 30 0.00000 
93 31 0.00000 
93 32 0.00000 
93 33 0.00000 
93 34 0.00000 
93 35 0.00000 
93 36 0.00000 
93 37 0.00000 
93 38 0.00000 
93 39 0.00000 
93 40 0.00000 
93 41 0.00000 
93 42 0.00000 
93 43 0.00000 
93 44 0.00000 
93 45 0.00000 
93 46 0.00000 
93 47 0.00000 
93 48 -0.00000 
94 1 0.00000 
94 2 0.00000 
94 3 0.00000 
94 4 0.00000 
94 5 0.00000 
94 6 0.00000 
94 7 0.00000 
94 8 0.00000 
94 9 0.00000 
94 10 0.00000 
94 11 0.00000 
94 12 0.00000 
94 13 0.00000 
94 14 0.00000 
94 15 0.00000 
94 16 0.00000 
94 17 0.00000 
94 18 0.00000 
94 19 0.00000 
94 20 0.00000 
94 21 0.00000 
94 22 0.00000 
94 23 0.00000 
94 24 0.00000 
94 25 0.00000 
94 26 0.00000 
94 27 0.00000 
94 28 0.00000 
94 29 0.00000 
94 30 0.00000 
94 31 0.00000 
94 32 0.00000 
94 33 0.00000 
94 34 0.00000 
94 35 0.00000 
94 36 0.00000 
94 37 0.00000 
94 38 0.00000 
94 39 0.00000 
94 40 0.00000 
94 41 0.00000 
94 42 0.00000 
94 43 0.00000 
94 44 0.00000 
94 45 0.00000 
94 46 0.00000 
94 47 0.00000 
94 48 0.00000 
95 1 0.00000 
95 2 0.00000 
95 3 0.00000 
95 4 0.00000 
95 5 0.00000 
95 6 0.00000 
95 7 0.00000 
95 8 0.00000 
95 9 0.00000 
95 10 0.00000 
95 11 0.00000 
95 12 0.00000 
95 13 0.00000 
95 14 0.00000 
95 15 0.00000 
95 16 0.00000 
95 17 0.00000 
95 18 0.00000 
95 19 0.00000 
95 20 0.00000 
95 21 0.00000 
95 22 0.00000 
95 23 0.00000 
95 24 0.00000 
95 25 0.00000 
95 26 0.00000 
95 27 0.00000 
95 28 0.00000 
95 29 0.00000 
95 30 0.00000 
95 31 0.00000 
95 32 0.00000 
95 33 0.00000 
95 34 0.00000 
95 35 0.00000 
95 36 0.00000 
95 37 0.00000 
95 38 0.00000 
95 39 0.00000 
95 40 0.00000 
95 41 0.00000 
95 42 0.00000 
95 43 0.00000 
95 44 0.00000 
95 45 0.00000 
95 46 0.00000 
95 47 0.00000 
95 48 0.00000 
96 1 0.00000 
96 2 0.00000 
96 3 0.00000 
96 4 0.00000 
96 5 0.00000 
96 6 0.00000 
96 7 0.00000 
96 8 0.00000 
96 9 0.00000 
96 10 0.00000 
96 11 0.00000 
96 12 0.00000 
96 13 0.00000 
96 14 0.00000 
96 15 0.00000 
96 16 0.00000 
96 17 0.00000 
96 18 0.00000 
96 19 0.00000 
96 20 0.00000 
96 21 0.00000 
96 22 0.00000 
96 23 0.00000 
96 24 0.00000 
96 25 0.00000 
96 26 0.00000 
96 27 0.00000 
96 28 0.00000 
96 29 0.00000 
96 30 0.00000 
96 31 0.00000 
96 32 0.00000 
96 33 0.00000 
96 34 0.00000 
96 35 0.00000 
96 36 0.00000 
96 37 0.00000 
96 38 0.00000 
96 39 0.00000 
96 40 0.00000 
96 41 0.00000 
96 42 0.00000 
96 43 0.00000 
96 44 0.00000 
96 45 0.00000 
96 46 0.00000 
96 47 0.00000 
96 48 0.00000 
97 1 0.00000 
97 2 0.00000 
97 3 0.00000 
97 4 0.00000 
97 5 0.00000 
97 6 0.00000 
97 7 0.00000 
97 8 0.00000 
97 9 0.00000 
97 10 0.00000 
97 11 0.00000 
97 12 0.00000 
97 13 0.00000 
97 14 0.00000 
97 15 0.00000 
97 16 0.00000 
97 17 0.00000 
97 18 0.00000 
97 19 0.00000 
97 20 0.00000 
97 21 0.00000 
97 22 0.00000 
97 23 0.00000 
97 24 0.00000 
97 25 0.00000 
97 26 0.00000 
97 27 0.00000 
97 28 0.00000 
97 29 0.00000 
97 30 0.00000 
97 31 0.00000 
97 32 0.00000 
97 33 0.00000 
97 34 0.00000 
97 35 0.00000 
97 36 0.00000 
97 37 0.00000 
97 38 0.00000 
97 39 0.00000 
97 40 0.00000 
97 41 0.00000 
97 42 0.00000 
97 43 0.00000 
97 44 0.00000 
97 45 0.00000 
97 46 0.00000 
97 47 0.00000 
97 48 0.00000 
98 1 0.00000 
98 2 0.00000 
98 3 0.00000 
98 4 0.00000 
98 5 0.00000 
98 6 0.00000 
98 7 0.00000 
98 8 0.00000 
98 9 0.00000 
98 10 0.00000 
98 11 0.00000 
98 12 0.00000 
98 13 0.00000 
98 14 0.00000 
98 15 0.00000 
98 16 0.00000 
98 17 0.00000 
98 18 0.00000 
98 19 0.00000 
98 20 0.00000 
98 21 0.00000 
98 22 0.00000 
98 23 0.00000 
98 24 0.00000 
98 25 0.00000 
98 26 0.00000 
98 27 0.00000 
98 28 0.00000 
98 29 0.00000 
98 30 0.00000 
98 31 0.00000 
98 32 0.00000 
98 33 0.00000 
98 34 0.00000 
98 35 0.00000 
98 36 0.00000 
98 37 0.00000 
98 38 0.00000 
98 39 0.00000 
98 40 0.00000 
98 41 0.00000 
98 42 0.00000 
98 43 0.00000 
98 44 0.00000 
98 45 0.00000 
98 46 0.00000 
98 47 0.00000 
98 48 0.00000 
99 1 0.00000 
99 2 0.00000 
99 3 0.00000 
99 4 0.00000 
99 5 0.00000 
99 6 0.00000 
99 7 0.00000 
99 8 0.00000 
99 9 0.00000 
99 10 0.00000 
99 11 0.00000 
99 12 0.00000 
99 13 0.00000 
99 14 0.00000 
99 15 0.00000 
99 16 0.00000 
99 17 0.00000 
99 18 0.00000 
99 19 0.00000 
99 20 0.00000 
99 21 0.00000 
99 22 0.00000 
99 23 0.00000 
99 24 0.00000 
99 25 0.00000 
99 26 0.00000 
99 27 0.00000 
99 28 0.00000 
99 29 0.00000 
99 30 0.00000 
99 31 0.00000 
99 32 0.00000 
99 33 0.00000 
99 34 0.00000 
99 35 0.00000 
99 36 0.00000 
99 37 0.00000 
99 38 0.00000 
99 39 0.00000 
99 40 0.00000 
99 41 0.00000 
99 42 0.00000 
99 43 0.00000 
99 44 0.00000 
99 45 0.00000 
99 46 0.00000 
99 47 0.00000 
99 48 0.00000 
100 1 0.00000 
100 2 0.00000 
100 3 0.00000 
100 4 0.00000 
100 5 0.00000 
100 6 0.00000 
100 7 0.00000 
100 8 0.00000 
100 9 0.00000 
100 10 0.00000 
100 11 0.00000 
100 12 0.00000 
100 13 0.00000 
100 14 0.00000 
100 15 0.00000 
100 16 0.00000 
100 17 0.00000 
100 18 0.00000 
100 19 0.00000 
100 20 0.00000 
100 21 0.00000 
100 22 0.00000 
100 23 0.00000 
100 24 0.00000 
100 25 0.00000 
100 26 0.00000 
100 27 0.00000 
100 28 0.00000 
100 29 0.00000 
100 30 0.00000 
100 31 0.00000 
100 32 0.00000 
100 33 0.00000 
100 34 0.00000 
100 35 0.00000 
100 36 0.00000 
100 37 0.00000 
100 38 0.00000 
100 39 0.00000 
100 40 0.00000 
100 41 0.00000 
100 42 0.00000 
100 43 0.00000 
100 44 0.00000 
100 45 0.00000 
100 46 0.00000 
100 47 0.00000 
100 48 0.00000 
